-6.879662684768981
-22.09851041520216
2.2689933741787325
-55.06187375109456
-12.425381219295037
-4.4594552086242105
-6.854576292715247
6.391000231334683
-4.866885720404654
-6.71520437957434
-2.9902160609597104
-40.01150386505256
4.505360525799452
-62.975441766269256
-96.33338058728658
0.9975546027887092
4.605942243354656
4.268513443822227
0.5755270322840906
4.922447551304774
1.4214414318158872
5.411772893684716
6.00286706565589
-0.3360015675665753
-68.5337277189011
-6.886089893177496
4.960306646656552
-15.647057119191187
-15.428124029176146
0.24784735201916108
-0.036027455348839776
-5.108907111836745
-31.373732649938688
-7.719419857375593
-11.655130984386837
-3.494510622654321
-14.499242297682244
-1.3355048983845088
5.870820527375703
-41.75874076891093
-37.91048477634807
-6.266592821609515
-48.57782051595638
-43.20320438355142
-2.1165134802949725
-2.3150513535361443
-37.44792642974194
-3.80172102205107
-4.36335062425143
-0.6490234839549114
5.76082802068633
-16.19412470677898
-4.422694193650575
-61.551134160875286
-0.19182784959409904
-3.69178128951203
-5.475289874725551
-10.384633736444627
-10.543907881817166
-8.462621107582544
1.3236668959775584
-32.272840612145934
0.1450308517747585
-2.9802380982688823
3.523509585546756
-6.680393608484813
-8.718457593871285
4.484375783753106
-20.33799065988441
-3.6541718594124113
-10.523520489056917
-34.70629910341895
-41.91200952918719
-33.8031287393586
-3.3952410826751507
-33.04126524070333
4.361655759394312
5.487960480523027
0.09527790490896737
-6.488736618848723
-41.86385864038866
-5.916679240837644
-8.660271662594774
-19.966821498924247
7.378102100142855
-1.9721622057056911
-3.3886025117949186
-3.1356650804268678
4.2756786019317286
-4.5826466072341585
-4.306116595788292
-15.07065623661097
-10.934766820376655
-6.992087806682685
-18.78978936209754
-42.03740057249536
-3.8236759606624355
-11.055021841527111
-0.5790418243320525
-6.308106657687125
4.32736121971254
-2.2343633527378883
-3.0548594350666294
4.921477006379937
5.588126502246527
-32.87240499642175
-1.1302222496624283
5.361679722463874
4.622100403489156
4.888945512701941
6.541155990417085
7.5033220262452565
-9.428303464336244
-59.61692018505219
-22.95423984072623
-19.66987962180917
-7.203348062648108
0.7138932038961929
-14.172777872238036
-14.826293031715839
-0.05750411784982079
-3.394888032200747
-3.9559729856668957
-1.2475205387339887
5.278772854799741
-3.61600009297537
-11.798830428087934
5.03913661305414
-1.6561333341301006
-2.422268379253354
4.4532965242630596
-0.7812753417226577
5.600205222560747
-29.304966604859914
-12.188690176733083
4.3784574547182595
-1.2392395890934402
-12.667214110089976
-8.78539424373783
-54.20758691870896
-3.7968549590115455
-53.050399289271276
-2.3448448070385286
2.9499700844892303
-34.79572950580253
-30.288419481111006
-6.387311342547967
-0.16183330590380507
-55.07674813054422
4.092871684490898
2.8175311674765697
-2.1005041730940834
6.371310492116039
-3.22123468916061
6.861139042049992
-7.4922955753458105
7.679341677425182
5.843973392976155
6.519068727047299
9.161584840774331
-1.0291419065908012
-0.46861011693519483
3.33444857336391
6.269118371713674
-14.351667162165107
-1.3214492282702548
-0.16736286658934785
-6.425194593566416
-4.026700027352586
-32.91399111694117
2.998483667695875
-5.193183323539843
5.750705370187413
-33.932920990683876
-5.869682194478189
-30.766957771214585
7.170978080739893
4.845437997423399
3.523319892847635
3.5656725786645747
1.132166427514947
-1.611070500554907
5.325427772693452
-13.28190714122208
1.1330015182244872
-31.570568528360788
-18.99115565155118
-21.24183427702307
-3.9628427273974154
-0.8003395982366781
5.269518969209102
4.00545906433539
2.3341938443351546
-0.17629967483807468
4.308235606336093
2.3536149331926945
1.2071491266185044
-1.694799645213518
-2.6008589245578344
0.2021454399140188
-12.169234765914325
-27.656203259752285
5.739117486342076
-6.488884057921099
0.9244243859868682
-4.691004070569635
-41.007770015543414
-0.7262586740598982
-8.15279724378697
6.991381886179683
0.41147050524568973
-0.30870789103130836
-55.596823395349155
-45.54056981318236
-20.449047017336397
-6.404767501185341
-12.138737379281482
-105.17591488956785
-5.512101158594166
0.6369577428131419
-1.4736282133584533
0.29437153394418436
-88.32475749821747
7.1534192421232135
-1.5531460134293935
-10.565480723026882
0.7914924015771145
-12.317147858802333
-96.24974534670453
4.364553193279308
4.503713810281927
-0.20862822143556103
-90.59799209360483
0.47803779893511855
2.21075465132294
7.243525797059964
-15.650441056530981
1.53885250369741
-5.066540036023676
7.35315509173721
-0.027195242976072898
1.8844545979042155
-2.2170796646198943
-6.564448644992719
2.1425922758282807
4.550728507512404
4.976067395142994
4.816201979609306
6.519949114354153
8.329133163411008
6.733295580066871
4.538646460290107
5.1877972624625635
4.506877328626234
2.1950437872713833
5.73599529614652
2.3891242980427654
4.4738474292442545
-2.4087227682759718
-9.52028230957378
-3.0619369289815506
4.441920541622671
-77.03964873205997
-5.9031016542590065
5.157145539689202
7.270659883395525
6.704855855412178
3.7235170445797516
5.002924629685886
0.41914655695583636
0.46855290317842124
-3.739510828734098
-3.320793405697314
4.2953630914711525
-2.943687385956816
5.141727224837458
-0.6286249110424124
3.262954825484557
4.678139163889521
1.8379931266430563
3.0286882240250717
5.424278072054397
5.247266668064622
6.231250973135225
9.562654321726086
6.284862989082548
6.669256044814807
-46.52181524284829
-0.7671656040677071
4.813542592155085
5.644163554564978
6.472980071862338
-0.8482401812221261
6.3644372729806475
4.677693146206084
7.592618877924845
-2.707437412107355
-0.5201471513354028
-27.919164644253154
-8.070791493267507
-1.0652612846996816
0.5621832152785307
5.1120316693160985
6.370973344549837
5.003534913768914
-1.6089119170984207
4.567052978671905
6.106702719278012
1.5820198353267616
5.403390415500867
0.15208206793257228
6.032572491666244
1.5609177136369201
-0.12880639343751654
0.14668386655147136
4.522793015902165
4.806287511788925
6.43154324928353
4.605960763076734
3.936796582920041
4.820565444245435
3.1716645144074365
3.144886269771971
4.263552905958625
7.257221636065849
-1.088117117076043
5.234562169860595
4.901228763382941
4.999562966941459
1.506474990967704
4.223225792637291
4.8444562260574635
5.322167667038327
-44.647825648353106
2.0591331174824776
6.283166580064656
6.266339249807
8.923891613908808
6.334325922712496
-0.24687022778042178
8.105180200773692
5.667926305740632
6.4215661195995715
-3.9674160829018925
5.720083163655477
5.159570938843094
-1.0520860756520172
5.255202345875522
5.535060054108856
5.447009584610562
3.998729062102581
-0.7076438450272895
-1.0414222430788573
-5.591279382950077
4.741961928669695
6.135220980957165
4.4232769046117735
5.191508850267693
-5.310172037017787
5.332662224723411
0.5956941035639876
1.5704968257354537
4.528865980987424
0.42027353627141917
7.899748229435824
4.9349420029555855
6.056923975840599
4.355694499462335
5.680625826091291
6.451002284157736
3.892064952299404
5.837105999266877
4.440509365327304
5.662557763393292
6.051682636081594
-3.090868400805724
-44.37532077780869
5.853293981747925
-0.7320356420869922
-5.791792714142218
-7.632559786362153
-2.944855113254767
-3.8000289578248534
-6.614005121957652
4.373731715087228
1.3850402790787328
0.5030530493717138
-29.6399001565049
-37.20353837476961
4.687473602915173
-7.784620996855655
7.273091321026814
4.946226677695758
7.427934937930537
-49.712819765372885
-7.869938194421774
6.496603402054146
4.227789812456044
4.653662885309414
7.302830448840482
-5.468987019186553
5.120199246424321
6.939342218214754
4.328987406522435
4.931669766146113
2.8435214394203623
4.937630091777602
4.969007770610714
6.1342127507143624
7.0064624875706905
6.637735236352136
5.0153922907296895
6.231926097407531
5.434363661854992
7.009053756838924
5.619844290840891
4.6364631273052215
4.876461711230469
-3.940887213461733
7.193085022784821
6.619225140754729
3.903410513940946
2.2945385026316263
5.557741490584952
6.125187012631615
2.192417086129049
6.034519033680743
6.014453404308492
7.037500735930551
4.175700676453315
6.135579911927049
4.871555258098145
6.247030678690338
6.2424445667981
4.6652666249368435
8.226776941175142
4.641954831152994
3.264654823805785
5.111892010617637
4.931725318457051
6.343244797895871
6.1602916174665765
6.463187318713694
5.8742584171084316
-39.73070173611496
0.3953776287684363
-40.6697076918449
-37.131421740478416
6.739519508737985
6.827298615553956
6.077951477155467
7.445112466373257
7.950287718094146
5.344584925922311
4.863285107618427
7.226487635258886
4.958202082639604
6.033605850825794
6.650032707413783
6.79557381256277
5.220317668424988
2.699642594747875
6.006379945821916
6.377869623917133
-44.905209512223635
0.2478844224909671
5.451353626945812
6.272592930139412
5.362184889613847
5.407934592563185
7.204162224560092
5.045857272678965
5.27526712833189
7.877288451185867
5.195896122470682
7.04588153787272
6.6498335546623
4.242131407819786
7.222720046485536
6.381165860647921
4.835327235060827
6.005794027092453
-73.8528496095869
5.355510811943558
7.199913030449455
8.341759148518186
6.203449416579948
4.062757283064575
1.7297212093344132
4.2283776144579415
-1.203689905726288
4.481080501224278
6.324523250049861
5.912662228906851
5.101729669884323
7.044236037613606
6.684196436087441
4.28717279410753
5.067286498414692
7.854281357053971
-0.22837606844049074
1.8370696633387484
6.295031033644483
4.760779342188658
5.026306059974985
8.736316923242573
1.1579183612731927
1.0016025497391872
1.8606539756920761
-0.3478651180946515
3.7605521515732114
4.840266502657322
0.9823857445531363
5.102125224508857
7.826524014974671
5.814793978085339
4.29708772523494
5.9778107134456775
4.818068365097048
4.437368144373012
8.545192699551187
2.9104987503886024
6.269707303939867
-1.8105812579433511
2.655720522734683
5.309520096512351
5.895887470502588
-0.3275993056466948
4.353245512763551
4.985888109722614
3.6902695564579604
7.662675597626576
7.169420012577002
5.377830357989327
4.422730893369114
3.311229371251109
-0.08088586900283667
-5.655100530739685
5.263226658067743
8.01752869096371
0.7181503941435436
5.6725917536136015
0.3547570092952561
6.148000991018831
5.7633297893125714
5.677142620414376
6.517867420177964
6.318092111950639
-7.70088710234018
4.914227697832163
4.491545741946864
4.462415493005479
-40.00425645009256
2.1284208329675596
5.031653145244297
-4.693046514985708
-47.954845702891674
3.5966322255656067
4.8790683587043
4.534900515138988
7.506297512367288
4.707588113693634
5.530470330425459
6.5679629309114524
4.271770530762655
4.32281600737374
6.424272754231662
5.874444640944796
5.260570425012755
2.5361335961122498
2.0222754822451603
6.280511546899255
4.614196971285147
5.216970706461723
0.12195381832106822
5.530811905537642
-6.1622405388713215
6.315241855715957
4.652146780614709
5.11244475696277
1.3611390547779256
4.979498647520131
7.806585611896033
7.228415183205024
4.791047590488222
5.6900969813378275
4.675053378188281
1.5338058550904814
5.04341261108132
-1.0883080278700135
2.5622671956345426
4.649237100839339
3.2714888162059124
4.479694775748691
0.9584699877040099
5.645040554338264
7.29216466435409
4.596419869302209
6.045217641059153
6.6570471908049065
5.1888356317089634
6.500605988422374
3.461827023675598
5.817837575134255
2.476870795795204
4.5903510777611745
5.176645154878788
4.849268619953605
5.4199208723597465
7.215986428125341
-12.648520788675572
-1.3831237374136696
4.523343418603918
-3.4478514272581413
6.105451015815283
4.274131944688488
3.6164450958992895
-1.1118738624232822
5.071701947080988
6.411625925591095
5.775713104794663
3.604544231807073
6.319890303529267
5.259879800566791
6.554064240622129
4.483910143448348
1.6844694997701724
-7.639312130004597
6.0001566058419025
6.470654375261577
5.707477239620366
5.60697584756543
5.595228519407279
6.183657198627328
-4.82160869816531
5.322956617812521
5.254189140170963
6.76292021158417
3.416542598000539
4.697537501337861
4.703225654028262
4.261567735718698
6.0497619171347505
2.2635177555840693
6.985447916318568
6.939613317477779
6.021982775251281
6.4573263445435725
6.762879179646709
5.637940904297092
-5.291871965802846
5.985183075906177
6.733857873152001
6.258208572044808
7.192255627527961
-3.115827427692005
4.265096650958451
6.938949493272012
6.664570169078242
5.247936108770761
6.1917233270919425
5.825052936328602
1.7026285069203673
4.999434112775355
7.775194185469917
-86.91036384860482
4.471407178684105
-1.510897960309861
6.293573875205852
-0.7760550696580983
2.429155197602756
7.012210044356514
-0.47736725269744573
3.915202329843936
7.311675084839141
2.584846996424083
6.245333048263941
4.839436458640937
-0.33892755349071835
3.308556608102564
5.223640306035266
4.374004634807906
5.078262298278171
4.632346091132478
5.584978173757921
6.891251141591803
5.145522164413512
-1.204737998214323
6.051103988043843
6.93455361673252
4.665575962426248
4.436793844537647
6.565903729298408
1.73001623944565
5.342915963015776
6.569249484594463
-0.640170432298919
4.2853603136124665
-2.2953395676617627
-2.328403288947185
7.39234728900542
5.672780403248586
4.959992503744175
2.3772887619394036
4.496415311115378
5.767573301354243
4.37148354636874
8.145949283224724
6.9086519045328805
-1.1121577431066496
5.195418326249348
4.415244343135003
2.9675692396799365
0.8998336608706663
5.8035026503333125
1.95577219466648
6.843173345008276
2.213228562676952
7.618089232887849
6.052617383846614
0.31605375660390855
7.428740962231361
6.119218741609465
4.771971396015683
4.383003400906329
4.973204684733633
5.1308595394680125
5.15980700575318
5.029495850086352
-2.867621287330665
8.476836391253489
