-0.9493102457238876
-1.073155369819126
-69.47726282258404
-28.181253765405252
3.634480375521818
-29.945391880805413
3.0158258537246967
-32.59049014955947
3.7655530768818224
-34.42969853098133
-29.503522866698155
-30.464754092250992
-30.05722292828658
-30.498159190392624
-30.864227823723418
-50.27544631688348
-37.551435169234836
-31.222228582517843
-41.61770189073883
4.767013826395125
-34.355275879317524
-45.79529376216585
-27.880082286534044
-30.612746735806123
-33.34669870746197
-27.655839949674
-35.66076203237601
-28.556858154458453
-28.536195514865746
-28.51777886446337
-23.0152411409583
-25.721595916800823
-30.474326855504884
-29.914296481952764
-40.463421502800045
-51.383423485055246
-28.71439162843675
-36.86647170423061
-32.48990186941739
-30.784667164129708
-25.19991494556622
-28.617301091256714
-41.52279585575474
-40.44589065395895
2.8755257659360502
-20.81505694718685
-30.745584469570062
-25.682694683773335
2.8320909462027464
-38.99461538812976
-33.17256695145923
-29.787479204288385
-24.481851891778813
-31.192700937125732
-27.19219236668912
-41.6931253567983
-29.841023737659192
-28.17889722300393
-26.481837799249693
-28.70150743726882
-35.88304452128199
-29.59758768930437
-29.464756415252868
-28.216469070356272
-29.133878782364548
2.9646065502877854
-29.259912040300126
-31.138989783381664
-28.789320625110182
-31.14372872239105
-29.78699647499653
-29.261431755416094
-30.176091196786764
-34.4407219666899
3.3781167238574357
-29.810505030119845
-26.036123819669964
-27.463678668648093
-5.932989534990131
-2.2969183451197086
-2.806121332057092
-28.860118622381286
-6.600054398243882
3.1796111431172593
-239.00953514334577
-53.63983161119124
-21.944123560464448
-37.50858513901409
-30.699570648605878
-19.669092213320784
-10.58352619342532
-8.982056796452046
-9.421674963634828
4.26541100870042
-5.24631980281999
-28.4431472217175
-6.742480177348368
-9.215598751518067
0.4083435077067956
-6.098428029496743
-11.94026812379994
-0.05633892229891524
0.009524273076503498
0.07493894788354183
-0.0998478809027552
0.07735917997160424
0.11247999756938887
0.026680742525155177
-0.006819560766142985
-0.07655417609573867
0.10055502685019224
0.00548826936336777
-0.09360010406401509
-0.06942102910557724
0.00745651910709233
0.17416025985544037
0.044193851183356614
0.08283948147480835
0.08168332474653717
-0.01462442248790774
-0.08355248136994975
-0.01854171676256744
-0.013732828021552734
0.03630407113106626
0.059492741647349634
0.018280643101708627
0.0902881178594459
-0.07559191668084653
0.057586601204574706
-0.06349011789809378
-0.07375706396871795
0.03173102350164525
-0.15180971930226006
-0.01281018178901605
0.024282092380917053
0.09458094190599331
-0.13706453646326988
-0.08294511524023274
0.06949316900924751
0.07092002551148813
0.09502219403618417
0.02422485541957453
-0.1414187307257717
0.05059454101218952
-0.04967253944218131
0.1330389756493422
-0.041265563355888046
-0.06500419896800436
-0.04983589535874433
0.018994866625611895
-0.03805458083833502
-0.11589703020178233
0.08776308849320769
0.10393771501017612
0.11462013229269785
0.1043040823082555
-0.03966793461767981
-0.07413107862825274
-0.10995748147366813
-0.08958238068055069
0.05253488106222015
-0.044634972059643285
-0.011537099505349424
0.029662656920805386
-0.03372259873318706
-0.08040953765027292
0.01902667886219267
0.14360680269422943
-0.12012048275718712
0.050550439896104526
0.015756008961611556
0.11425063774949962
0.05478581820484285
0.10639759738601406
-0.13256463828140386
-0.052968666904913864
-0.04068481878324315
0.047992527630601245
0.09546203136496256
-0.08177372026875762
-0.08960978687967458
-0.0931258219960105
-0.05942727998958386
0.07399961118883436
0.014351471623960776
0.08500304039052997
0.005561054150769351
0.10437620023450034
0.019588177099856496
-0.09411330301532317
0.006790345238990136
0.0884757613782221
-0.014440966552069057
0.0456699600481123
0.013865826744583476
-0.13733578270561564
0.0033754134969550265
0.011212675278869266
0.023527464054716063
-0.062266726325741484
0.026945796266404365
0.05585695280502012
0.029947664073281643
0.005972673606379431
-0.0510150983344313
-0.10659490306768982
-0.03640086979373791
-0.017357557075244667
0.11031771899539633
0.14193390882395862
-0.02017369562501692
-0.11620528298543231
0.06618726535711827
0.05706371608702776
-0.11615174319168142
0.057312748628701726
-0.04622501050308081
-0.022331705921165845
-0.0038647287919943984
-0.07945676135502877
0.1045155945343712
0.00833602457285254
0.09879191461408121
-0.055531625336353585
0.06003123302797553
0.0023694877824387284
-0.08164679128606878
-0.03910118699884535
-0.14911188431214217
-0.030068530720809505
0.14519285944613447
-0.027306334457436465
-0.034922854569790385
0.06867612311575466
0.13209689968999827
-0.04441494936749324
0.06835053681778147
-0.0856420693354103
-0.12611653503335063
0.11584149473981142
-0.03506002093963945
-0.024888326369216784
-0.014317316729935303
-0.061066113369697916
0.17132893824691786
0.043099365876580364
-0.13329219470369358
0.04381124143876303
-0.15620941264947952
0.0828641656535023
