-6.098261883091161
-36.35012418358131
-55.7603782315216
4.628670429284103
-50.59757050812338
-35.288292077309535
-1.343215229521748
4.9721688313616355
-35.51124551150984
-0.04478542647697037
0.05238270489052166
-6.025734666637974
-0.10948479457740024
-79.53847175373771
-0.16598180310928812
0.6558518407817331
3.1431762119118303
-20.340121884948
-7.631413839093652
-1.3125942057043913
-0.871820945117515
-8.530723627108962
4.31365662765316
-32.71979465099595
-0.35374438036742706
-115.25598062096161
5.493996670750832
5.019401574914654
-86.66458800908144
-54.87021957230238
-53.30248827064822
5.254952337249711
6.725615556636528
-12.556583347510653
-4.766357807385431
5.521888371123078
-75.71443867372287
0.10589467039193101
-36.11773337022926
6.094541850860785
-20.479566591591894
-25.538642647010512
-6.768716932452998
4.434225050153663
-7.619121281201291
-5.918002715168763
-1.9871861692287824
-7.838838253940916
-10.909073411039047
-16.549771056329178
-9.514843823197133
-51.22894112665228
5.123523393783559
4.983190340135308
4.918214639391575
-21.313812401133184
-23.190489089693827
-3.967567402770386
5.263243331301314
-213.2771419328052
-4.669146322135672
7.657803958249234
-2.8663017064855403
5.831004868825972
4.483824303059468
0.02929820284669793
-64.46435016245425
-69.67110423599867
-9.3712073378259
-30.552540084279457
-17.371291953342613
-0.6215206159790534
-7.994960152229734
4.391567096874207
0.4976009541919846
4.84083398476284
5.982771358718354
-104.76129057805669
-13.311205110414212
0.1782342675283506
-2.325677949635422
9.01493837552988
-24.519739110398884
7.652726529576738
-68.40395617897553
-40.28579309331444
-20.3095284497563
4.655429680595916
-36.058565545532936
-42.60163195730972
7.756057922888328
-6.159493306437828
-43.3773106753182
-41.389883480370905
-42.33242582245861
-3.7059018094481804
-22.752251763308443
-45.18517427461745
-40.08165685166387
-8.369372570559968
-33.351278655899335
-53.83466771186085
-85.92499417629288
7.147986733632074
-9.942309871388872
1.0231350879454117
-11.462770786892424
-3.7710789663920345
7.094658531055505
-25.44177622080317
5.695385578551798
4.84657312746323
5.0681743090386355
-7.449027236616477
-35.732633354387495
4.385289174880334
4.603189837265908
5.436795454703827
-2.756223432469058
-2.3519143278230015
-5.037814327092926
6.328459192674514
-2.065806917132531
5.655581770318813
-3.6730393066434477
-7.171989168599856
-6.362526976792428
-5.261436479310241
-7.323066257192104
5.799033067227659
1.421751707195296
-11.35801092346136
5.630095010156221
-2.167242321441108
-7.260544118113516
6.370939695880875
-3.094855870078233
4.28219461993057
0.1541246309630092
1.2756167192088914
6.193559416787982
-2.4411692901392326
-26.564494793825492
6.7636410076402065
2.3005647435661345
-42.795481396815916
-2.337456023115596
-3.0387284134438097
-135.65318499464092
4.9435175925031745
1.3696519857408447
-205.5401046326084
4.9307757287123195
4.629562609476034
-111.3725542472106
5.500230986163633
-6.445894003968187
-5.600680028687161
6.213753136163188
-3.7355719271282783
5.412663051644466
-5.785662020171057
-25.56764560012886
5.6475849908498805
-25.567234210561708
5.325037052748659
4.597354083950619
-28.900005164485883
-16.202346385256654
-192.8045945268081
-9.832055401305638
-39.8885980373454
0.3480934650144861
4.870348530491237
-74.60999174944897
-2.2647654861654094
6.345052429632915
0.6704071781841145
-1.1511882841270347
-0.6911067835324722
2.4527357118340194
1.1404345668893892
-15.979986673476992
-1.9405836777785863
-0.26903699063639164
4.848820280194145
2.8814393057345233
-1.3635724785069185
-42.900411787389714
-0.9566976391075377
1.4195945568030481
-5.743957654335893
0.4056870391476277
-37.61863291326085
-1.8832456017269759
-3.2176719191971817
2.1497265416729934
-48.762861277040265
-325.34924576124206
-224.87348690958794
4.898037074203826
3.9435148935644007
-3.3247291579661407
1.2773030291761214
-25.707580317921934
0.34892428146676546
-2.4077707724141932
-72.8410516489628
-94.70576662868439
-33.09740203493163
-6.511678791212219
-1.2363990488274441
-1.741001549009896
6.055105632114673
7.08908524216313
1.1949476939134736
-60.99831791376837
-5.326515204193989
-0.7168713176773767
6.1873375468155745
7.117554812101675
-24.61258134206055
-3.799012675594095
-52.16095127072393
-27.680070327648924
-41.77812237555164
-9.253938777883448
4.998725673856357
-31.904306750349157
-122.40628103295502
-6.1265894444062745
-12.552413488425634
-12.123155576194405
-32.585336863296796
-119.44013476544735
1.8303967208817469
4.852221056489332
0.8754119601194075
-114.29662509286584
-22.408187267610504
-31.023012791299877
-11.69624048760776
5.622263689336501
-52.61338598144795
3.674987231364705
-1.9679485150819476
-41.33232699356304
5.574822440670472
-66.66995829031482
-96.58768175412054
