-58.04431640884602
-36.84196715229302
-27.092167280967196
-11.457069784805654
-38.09478078381269
-117.50187138881353
-78.53671584848429
-7.1647504802137085
-7.470387615714948
-33.89804915433758
-44.70201517466233
-19.011477520018765
0.7293785501144201
-24.422495914880123
-55.10096591911643
-7.524589210467534
-296.3808292396554
-256.8632373693089
-29.132920360956398
-89.22646416845124
-13.720500906386572
-23.996531302062092
-10.634210839260442
-7.611419716398924
-8.48991809638127
-14.872113731110172
-52.89880419444477
-17.101157543878976
-11.254377467120289
-30.83960150704919
-66.12243221576409
4.90212155480643
-9.290306179560659
-20.923692155282495
-115.62242599233856
-115.90992874284339
-4.658687086599899
8.089935175333009
-88.4586397353882
-63.27031269508305
7.129019097218663
-4.291393929646875
2.412512375854259
1.233297447064793
-11.40308125460349
0.908661469235507
-24.87481136104952
-7.268810026329605
-13.227625821811532
7.433687686271674
-12.174661184608178
-36.19004417546217
-20.10489632309784
-16.334453052640654
-291.5650912353168
-10.001480390771116
-1.2068831575982109
-21.706278099008166
-0.7292748013553463
-5.511554547433279
-117.69780325459382
-48.63838272261243
-0.3460477928804706
1.0003242838024953
-204.3839009775847
-43.53038649847207
-2.684896463507962
-223.05888265101152
1.8030809888725583
-58.30737531995616
-15.743505004169272
-3.1746030807375027
-190.92694058273722
-6.551038726730578
7.822008142215334
-34.88350592081826
11.610594661446527
-190.48593682021377
-3.628307274526698
-63.60469668720064
-2.5954759230658118
10.94447134727384
-32.47541757545321
-7.08609413377421
8.720128883026764
-11.524161125491979
-10.492250421969075
9.054750660153644
-46.60721516655642
-7.343949847368933
-12.069231694920994
8.455821489732555
-32.4525677402141
-1.0624396359094956
-1.4576587286185085
-21.84747664528149
-12.37013614890784
-34.805842863747344
-124.1623933019075
-22.408064672353333
-108.38499625237348
-73.90753829247193
-2.958935147677119
-6.563680739148291
-11.072669232655326
17.961976471632703
-2.5433370252575127
-1.2742925736886939
-0.4398682334705746
-164.4624232549729
8.397542790193647
-4.931901755222849
-50.602160312324756
8.60932186575004
-9.964548628377852
3.2318085154616627
-96.5398903164224
7.117704080927595
-41.279748554997006
-0.9755891578398768
7.690870325633986
-0.3318631562006469
-24.794643059832477
-16.927100193982167
-2.6091379242175776
-41.55973891492803
-8.556832495209555
-60.36654621401272
-14.343675759635808
-9.631356864531298
-16.26263156205775
-3.7364579275203407
-15.456505554463668
-280.10784958558327
-243.28785462373872
-28.80810057004928
-1.692795859833725
-140.47109437431234
7.841908026888561
-42.41196207356102
-42.371799612183764
-0.11833237450851852
-6.052834438078477
4.902899470447074
7.155580893747828
2.6143085164519406
-5.240381470912654
-1.998604102309569
-6.947221616065969
-15.374643792692263
-185.36425741229542
2.345706868387439
-114.24373833647218
2.6105357995540093
-2.158863240607347
-20.909104914652495
-361.17646537605043
-3.3465625941372945
-103.47809034819386
-1.9698900524765544
-182.5750916536707
-48.391158872875984
-36.66410483087964
8.995154884001195
-6.586291820198787
-2.9792811834405266
-32.018896141173926
-121.48389693936662
-11.080330623889244
-16.58048466675848
-8.474631174259144
-48.01650466590937
-20.122535205665365
-190.1836656171416
7.3180430997733215
-25.52893796116885
14.647660852545355
7.97730481684874
-0.13339303269127578
-4.795458341823939
-103.65102151685093
-168.53846734616846
11.247205653306127
4.23381416356213
-0.7181081478056683
3.504829501054404
-191.81836821935997
-407.5482071839988
-127.71697741404752
0.4059824987871291
-10.427161256328501
0.555918987732848
-277.78985104676525
-71.74938687409758
5.189659676830109
-61.644133252865366
7.956268155496295
-62.56885074547202
11.389639644743758
-3.8593460991289072
12.042691273364929
11.320775095581016
-11.885204459708643
10.480520183725364
-6.177384309121636
9.822408204472552
7.7869588534531715
9.702385374513156
-4.302144562062289
-20.431804951266145
-348.73283578612353
-71.88796530613062
-211.05103688884972
8.454431455571257
-1.377760732565132
-35.25922122553419
-222.76677618674213
-280.08260296901943
1.1011784477139477
-58.87283288992983
-25.266511234954965
8.54730082662496
7.499894223704947
-90.74119703571041
11.638232605970597
7.475244396056741
8.08745845147968
7.940002777096263
-26.140380051363916
3.282462592465743
-192.40812137086527
10.876791445402812
-115.97262904570763
-10.331042970051413
7.604619483456671
0.9975827118477718
10.786600037424483
-281.22225424137514
9.20557596425484
-107.67841015773077
6.222746666696925
-6.5461429307728185
-0.2867167399192221
12.519963407002916
5.615870429349714
2.0445409416461677
-108.9417622687398
7.420683229341681
8.332056831689234
-86.71038535405253
