0.5635314169460354
-41.70672362141111
-1.2704993470128674
-60.99414280189681
8.117980971054168
-137.74896225726303
10.492686237509464
-83.48108486465823
-234.61223907578471
-45.37018017923175
-11.757103474926563
-44.22950381001826
-67.65442073149211
-63.719488383340575
-33.027600857573
-40.444070672209534
-24.44148362179241
8.954272470483506
0.7924693670074554
9.45149866609244
-63.48532790293222
9.184107822206999
-44.30356883178948
-167.72895394892632
-56.94685052767183
-197.27896755997656
8.458379501745888
-6.857171120745369
-4.278011795336848
0.3688595219359998
2.2145216685368223
-75.51478254199594
-150.65343629890845
-9.038819872619909
11.417232473826566
9.717614668634319
-14.425772869693494
-4.624837532519686
-253.82775160050144
-275.6798891590744
-289.43507087844006
-91.44579246810476
7.201619685043593
-13.75179381316104
-34.171078314819674
-10.007679106667878
-42.774934489609876
-10.919972186527195
9.350925206272395
-10.458786799018995
-4.049494440523549
7.6951342430166925
-23.525381663230533
-1.41433490351878
7.673622185940985
-17.312025884034696
-7.214066865426787
-95.00803304409469
-8.270984204562158
-92.48641312998129
10.501375596906723
-83.61947263731338
0.8845969568959191
8.77709549588007
5.380398831331278
4.577371807304093
-2.8010394524677396
9.0383137253661
10.12156241558709
-64.51508977182316
9.909725447556944
7.701983627215361
-101.16060579362895
-3.5102989259252304
-219.48096109968992
12.968749049524275
-21.23938044740325
-0.31698882560997066
-49.14906789939839
11.057756453925109
-4.177494513055502
-48.22721274834203
-24.062249654337457
-33.141340784426355
12.749008963562105
1.662874948079423
-13.81962581567472
-225.084686737573
-132.4673356970919
-12.947990950638193
-349.65122905904997
-75.7920050919473
-5.508264025485529
10.268278911060136
-69.50190453157498
8.115230709776634
14.758447123740515
-100.67295162773118
7.6335212904214735
-5.982860115779903
7.518634452290517
9.324751453417907
-107.76174844135878
-6.584753057182647
9.972627272932149
-0.5769276608567795
4.029131692607927
9.006831351717116
6.426925116747125
-2.0397078926705263
4.0366681385901675
5.811488277565079
-4.092700615983013
7.174352430550447
1.1991748206034005
4.660719483224308
-93.44131522918741
3.911670460383522
7.493820903539224
-113.16197799784845
-114.30020179796843
8.01825714299616
-13.955015813937923
-1.395336784479816
3.2130901429516676
11.323361764066043
10.9567585481507
-11.733594953212124
13.005461943632199
2.799152411972491
-6.38581579720039
7.781694320230866
4.045723918290164
7.341714456610655
9.110434135695659
9.545790327313938
9.254042170947898
-3.0221592184602795
7.09711909711163
7.644332612077871
7.32748615631963
10.425946753106725
-2.9047265784748726
9.35777167026012
-131.71098401126986
-2.6274688932717183
9.082137037382477
-2.6212040504195686
-23.55945418777891
8.6211485863907
8.909416128579515
8.290672685481097
8.725603584866274
13.652952295422395
10.456475306307322
10.910268859875066
-55.79691535909929
6.1618746708807235
10.069635687056063
7.172706176104945
14.481503116491549
7.433219896463182
9.431496512654824
10.056449113297889
-12.597552814069603
8.962673296613254
9.15630229715821
10.624999024725003
10.608594801871888
8.446163064717748
11.927562488357742
11.766073047381424
7.039861223241225
-10.136277149786348
2.0525426650688283
3.2035778385892986
9.551475758401878
9.65410712108637
12.102033507802968
9.71308848752021
8.257445859068527
8.710721866642643
-31.184476436207987
7.471593043284314
5.477486599740571
-21.576166890424638
-16.765247757361596
7.92022619131553
7.102968688810933
0.7275822365036486
9.628852879047177
0.019244075431841257
6.071210871603421
-72.36765938615339
7.152300222143641
-79.61702803783886
-14.213898932627465
10.103003833443276
4.958589140957491
7.50861605735572
12.003390535571508
-2.7830090964744567
12.276214288099272
12.887821403141128
-9.841563347040484
8.260617535492006
7.7099068385187
11.28472579388816
8.197937592135023
7.06588539947338
10.711923631380635
-101.82121761483438
7.3467463478773745
8.959091914325377
-7.740809705210173
7.762116943470668
7.058517550066224
3.976658221422192
7.493342620545343
10.289524902638497
9.378499394134753
-25.296629879205327
8.341862169096977
9.633147121539396
-104.96002751694121
9.642556333708376
7.427978325874863
14.838252623818114
-15.440461212222722
8.173224923004316
0.4211780583653919
10.789589376909404
-5.780285997464728
8.808721876910292
0.7275771938162006
8.21923262496482
7.200925875634286
1.2638700230209956
11.191860678682467
15.071171600859918
0.5457947905294747
7.629037978513284
-0.8752804873705013
1.629545872025725
10.352165127455615
11.277725565648051
-17.21566646819064
-21.689322328651897
-192.91860187645838
-225.6615884879492
