-116.91117365678616
-136.45752653474713
-54.37865883905801
-119.59860733740065
-0.08231476993012854
-103.92603356471932
-57.03606029593976
-106.9387982019467
0.12263019525076357
-109.25437693756916
-115.04885175545323
-44.60471989741463
-0.4089424127166237
-36.38766749474506
-117.25480771532418
-112.34011625581809
-54.77151783388546
0.45024559844069834
-129.81886955138364
-0.4629175834323911
-101.31423705530825
0.2258044984558043
-55.93811687316627
-127.83917989483122
0.35409518259370376
-99.07197697727078
-0.5410047805392495
-56.45520159323672
-117.10793112896837
0.06188815735357833
-116.50791649097368
-51.16106878157735
-0.5104546141497011
-131.46589769077733
0.220007523259246
-111.06707903952766
-53.710673585599245
0.5171983186030553
0.3141511674728861
-131.53866886746894
-100.23922693185769
0.01446467753437064
-57.11861319083519
-0.2115471378077478
-123.61801852524535
-54.69113904019672
-0.09318563261126833
-114.02946780148304
0.3752313637130047
-98.01489426552213
25.099650060563448
-0.45912153500617636
-58.67314208536579
-111.74485569216479
-0.015026994707517671
-130.09041594784085
-50.68471534076462
-0.16490021144386457
-118.83493352315622
-0.44562480266416404
5.725855378600202
-109.44076878016554
-0.5871964709847899
-108.4021871284193
-0.15140439768944025
-54.49111933623943
-131.91914608782358
-0.45496801020308975
-105.15663438534028
0.3034593969915784
-55.4989813343852
-112.45248481172754
-0.04727134870686611
-113.851508015816
0.08639328410029612
-59.419431955249884
-122.6567219081024
0.40979384717137124
-104.25143827026437
-0.3581344646794642
-53.23368346762759
-124.66696224580664
-0.17156089283971498
-107.00664191731052
-0.33385921746734526
-56.66925078723955
-112.16358105994388
-0.03487272631237448
-111.94294506140436
0.0987036882542961
-46.38435073385169
13.722314179897815
-117.44572652738802
0.27835115013786793
-55.38266857420424
-0.1889888130715106
-118.8866371106835
-121.08465869753299
-0.362965004037615
-0.1858139749408727
-51.226778219959165
-111.67178525909755
-131.74324866448592
0.18088603013400806
-0.2822168251560426
-50.846307133825796
-116.55024079847911
-112.72497583095958
14.818179622555093
0.4937306264223231
0.17655622247208913
-55.84151200393624
-139.77837332033047
-116.43533718910058
0.1671702481301265
-0.13714284024924495
-56.18557692248136
-106.570423750385
-99.84420469250858
0.18603849351536672
0.04273697930371512
-54.51025437934034
-99.26207140905322
-129.19045725220536
0.353958289616332
0.10173698859128666
-61.08257521098401
-103.13240422063805
-119.32789117659766
-0.26309956884719954
0.10757418060789115
-55.97167002865162
-119.12161648145924
-126.98884494921175
0.36893400190548986
0.07247748375963214
-56.41562857181602
-92.36565195741628
-96.67152960187961
0.11973667126093068
-0.4424926836862324
-47.595973643446044
-115.40507028769967
-96.57815404943553
-0.12495285665779154
-0.13678545845868584
-59.17600051556379
-98.53203773706336
-126.66482030275196
-0.1411282106325471
0.28773899701407024
-57.48760697639217
-119.33532843822641
-113.73018364351887
-0.3132942831367733
-0.3285113458119837
-49.846777481831644
-115.04020237788262
-121.68188542043326
-0.18412227259818081
0.36106881284558756
-59.70434972127447
-112.34777492394394
-96.33333046035659
-0.21771537299724653
0.16958516961467618
-55.1340132448602
6.276912202781658
6.499371995204041
-106.56666932216775
-124.93400676644914
-0.285861428604427
-0.39383578100537453
-59.772507573909046
-111.67777124138196
-134.0754362761257
-0.4973082212781308
-0.14360485563319303
-59.94355798069417
-88.37929076285995
-109.35371575816652
0.30746838834361956
-0.2112197833709002
-59.73722931527223
-108.19527518826874
-128.89135192819575
-0.4517339925138453
-0.15858190000014794
-111.67567085446818
-58.64467367415348
-115.18677245776725
0.042166469347638014
-0.04830350853961152
-50.53324423479558
-93.36585351995959
-125.44504596992762
-0.32784093470815634
0.05047046872268557
-57.9831928540408
-107.18424426212093
-133.62498207767757
12.212005101051247
-4.979643079026837
0.13196471602085902
-55.310504552570556
-120.35410660559135
-118.66495761327052
0.3091795498509601
-0.26942756043014837
-58.96368936490696
-123.59795201519316
-109.37085637277674
0.2967818370204689
-0.34173833976333845
-59.20530399282567
-106.51612578197867
-96.14928665343695
-22.32172141788786
-0.020879744725815108
-55.70416009858912
-131.70244720189663
-116.87053446879857
-14.465318667048624
0.13750182942943745
-61.223929195502556
-106.64634481586944
-121.04920448602938
-5.110252847292628
0.14180253803065834
-59.89464330388545
-108.91762101412807
-131.82941560114986
-10.21782579113955
-0.4356894050743588
-56.89032695288806
-97.41509631119325
-139.5887445406084
-10.450940268645194
0.21719101848313982
-48.754851291772965
-119.01026554651389
-112.53613762421962
-40.082553211438075
0.11413510909266722
-60.18792526882992
-115.00406749959711
-120.48614969277219
-137.63118821708184
0.24819849961843132
-58.48897490526138
-114.64692736931008
7.523388300592961
-133.58324262066603
-117.48311195370485
-0.2811945313984341
-104.83379841305668
-60.03920233894149
-127.55507310840004
-122.20753010825449
-0.04435653412260976
-117.74578571123877
-59.51737893670945
-131.12922485042378
-134.8642039568365
0.07432051496231407
-119.44366588122404
-50.72610256267032
-134.04080113542915
-135.4527285262004
17.128383131018268
-0.3690597387896224
-119.8727277278294
-58.56645597764246
-135.03457486024
-138.35112840709024
-0.19422211128967848
21.553411133027176
-119.42629546209804
-59.488080674047225
-98.17720614784567
0.3829317145625166
-140.15953359997204
-117.85349707130761
-61.028926649870655
-121.62361407714818
0.04429824287497097
-123.10069346933541
-109.75284167490575
-51.26036267106214
-124.0338276037636
-0.1595051865294237
-124.71874675428336
-115.0701653401894
-60.33301800307239
-133.8399596591898
19.303428979062684
-0.576783301300007
-137.50516762960865
-49.75302453478232
-110.08615906084735
-92.6764030849144
0.031734826688916584
-118.67294988353349
-58.99838630686121
-133.9619591263198
-110.77319886074083
-0.07228771165377945
-133.97634873565164
-57.806660130373494
-128.37189569083458
-103.88835195388663
-0.5089247263365988
-125.19497440116328
-56.878966406152465
-134.4792911697623
-89.18459572062909
0.30400058570010957
-138.8015843210673
-61.55084343027644
-130.8092770168317
-103.63623751807077
-0.36128668092786465
-132.30998926847818
-55.59468696927358
-125.74120523156826
-104.60857227422014
0.43063690020342504
-119.87931699227423
-57.36807514541608
-112.38694569824456
12.744568964410513
-120.43164066019338
-0.0030631329613584057
-115.33348892256521
-79.48920995533365
-129.5998824056676
-119.51097405256661
0.5532491527767398
-24.678840603875464
-51.697934895150134
-107.47848756937654
-119.36877925322035
0.19583976472144937
0.2921364566154876
-51.82927177820295
-111.09424853655547
-113.16461891083694
0.5614141904164707
0.18534142935656428
-56.79148589948265
-108.51273833261058
-95.79571242576412
-0.10706742379598189
0.3064483311168755
-57.12251472131689
-120.4587450699137
-116.06071983467538
-0.7074998507187373
0.5353398023212166
-54.590191919737805
-108.09097226394562
-125.69145325217747
0.04277750444466211
0.2767675253227775
-56.638142554615904
-116.13496030439802
-128.47710709534016
0.44287876539554405
-0.15284496511543688
-51.38305288742542
-109.61396519366846
-99.74712090895986
0.3766749977791741
0.4960767203623231
-58.996299218841415
-115.60074916075007
-120.22885664839478
0.40613932476318837
0.1033647661643089
-44.13053958450241
-98.95017837290354
-123.20552176145267
-0.10382861567179269
0.05270354978224967
-59.693179260401266
-113.36426943343923
-102.88192099003136
-0.1036457234979461
0.16223868880437164
-52.67507171965787
-114.97588300213836
-99.01401132651117
-0.1999375758778399
-0.10693868510800386
-49.73611397804209
-111.30426402389016
-115.82064825516197
-0.18482999953194423
-0.03846667029936501
-58.03557623711018
-119.48655079534693
-120.331236380407
-0.19979650156720252
0.5815587768249617
-51.6057289078167
-101.39620597655832
-126.7041858651858
15.043928558185318
0.030060722186155964
0.4027613644960468
-57.57411627305114
-130.60794732368058
-119.60449083567018
-0.11060235678057784
-0.09169906207034928
-55.694380043347
-115.07601869766282
-115.49818518043944
0.33560287275381917
0.4539093161074894
-53.096688894117634
-112.57379504886926
-117.23675383761616
0.04999705898112339
-0.22027828874564404
-55.100364876755236
-133.29937908480926
-116.28021406157455
19.95332923695002
13.172744447736791
0.017167187769295267
-0.3556945034178527
-58.80615778034427
-98.56558466542654
-130.81216542651515
0.3323357390946454
0.286724720382189
-59.05014746593842
-114.3713351668038
-105.99122377356197
-0.11751519984977721
0.6687967348413975
-56.83430223344314
-104.94023185809493
11.962997975971586
11.685583768910895
-133.79727613817437
0.20263677931280966
-0.054532114404967635
-55.498650395070435
-111.56350512831716
-134.5780453433773
0.4713520496905237
0.350097465136868
-60.37860650342375
6.267746622110793
-116.18900572815369
-134.67244838669973
0.08925146201572565
-0.5822437374866516
-61.016531012684325
-111.69320790363035
-116.55809680041051
0.44466293257933476
-0.5264921260019044
-57.55808174109261
11.1535174076282
-118.30870191336248
-102.95827439145755
-0.43713846529395683
-0.3097029148476578
-64.1311140930496
-112.66156821470015
-128.37196759000255
15.770532508758443
-0.5841055814348839
-0.32549346459859807
-58.86238838229452
-109.83446659111324
-107.55853743969355
0.013736047487380887
-0.08889694290920236
-48.256241665112306
-128.20012441314714
-96.83669932543634
0.34325244609461536
0.4511447772619479
-57.63687272877645
-134.85952428938356
-116.51304016910818
-0.2586288702383155
-0.004216455391580887
-42.05789951938368
-134.18149666626536
-98.93767532881073
16.051560356503675
0.04067325767771024
-0.1373054937881546
-54.3707385443905
-100.51657898786802
-125.49589152924658
-0.11929669347496641
-0.29659349823748526
-53.91743638360453
-107.05304208190915
-132.87303179751547
0.08070096450565045
0.13843413403860305
-59.59554873018757
-112.03446361593609
-133.94621022035278
-0.4475830901938993
-0.18639924940411867
-42.970060852629864
-113.85225905867628
-131.35248052753755
-0.6659943169579936
0.18858709401452023
-57.217110392471675
-99.6712127597339
-134.23791673337146
0.06141873904530604
0.30729024457616805
-59.20400761928524
-118.28340822001753
-105.754279706647
-0.11991021160758963
0.46810386201375387
-59.0312537989028
-119.20516871990077
-129.86621524784198
12.333401462140127
17.665879867165806
-0.4960037058043114
-0.148981044959152
-56.644729628221505
-111.03990648448877
-129.28184376948613
-0.4052889959162451
-0.07237585233593236
-51.85150983500728
7.350402513931668
-109.88713284859911
-133.92280868531714
0.15007156576204794
-0.15331993466033156
-51.99994230607473
-114.48012057335788
-122.64502942110664
0.43770304508667657
-0.18764023800173457
-55.54301107009404
-111.1832522460083
-132.1827552132431
0.33931320028025047
0.09867083093706208
-43.31209893112265
-119.64785657175675
-125.09540085222268
0.3790341189304348
0.27123857095108317
-55.455802910668815
-113.53149972272716
-122.58607121409534
-0.07846582411535441
-0.18608857526319356
-61.06324436809448
-116.7674944390935
-129.69098974112057
0.47688900280595337
0.15460571885328855
17.673062454638234
-58.903982127316404
-87.84238893501481
-0.06576106007020777
0.3866279061261966
-126.2607914289774
-51.81303043222405
-109.7440719460678
-0.5020170228150989
-0.07391316691834915
-104.437120960661
-52.52720492559416
-106.53328006669082
0.201632438067332
-0.22497934157265043
-135.98994940408423
-49.296491942211446
-98.43838827376985
-0.43578785784838914
0.09635820509559867
-133.92141215977767
-58.41548845858925
-112.0298273277089
-0.32410544940952857
-0.10745301826410714
-124.00732415396658
-51.42630926199418
-106.67267933611627
0.5239742812762469
-0.23574617018549415
-125.8505526863218
13.517080990950417
-47.026219944708195
-113.27697108361349
0.5188226178584996
0.009358299004688764
-125.8867322091401
-53.7334681742296
-111.97425358220474
0.06138219946678114
-0.09669720687608985
-133.8547066559615
-59.17788594526919
-102.43520865601064
-0.37173318896879926
-0.6667508374576367
-110.55732221923328
-52.29760889118054
-111.47117974585414
0.5928210553281597
0.33952457237189515
-118.16345205849375
-51.54996582768158
-106.74835046310865
-0.39702987300856774
0.4065215956079091
-125.06958542517692
-59.853856659005224
-119.41478429621802
11.641435005288487
0.17191059306851642
-0.180617731457954
-134.6903693099775
-58.27807223859948
-119.52009770402059
-0.43361013952017036
-0.1612180492196318
-104.75556155318365
-55.35558714865299
-109.46336503178578
-0.17884848561757516
-0.5013599026008644
-111.6594046848623
-53.25421067668438
6.687062533915814
-94.679284576763
-0.10505930176731315
0.4642053435640887
-132.8279448704006
-56.943664939239135
-123.32036968225832
0.20527917823216413
0.16923904856672145
-111.5424590925731
-52.60144856660195
-117.11979084194877
0.30147064983590566
0.016544706590642666
-105.79216103592303
-51.994150722355286
-117.16426600946026
-0.022190020288504364
-0.2753276916986831
-127.43483677989396
-53.602979856271986
-119.30639057340935
0.10594519766926458
0.4036490723564925
-128.03857957287445
-58.956231800597976
-119.19423451827213
-0.4976144452901985
-0.16031315749437203
-130.67884738618133
-60.726327438168155
-116.66172006201144
0.14808621137035893
0.5967413808704845
-126.513487314861
-59.26998675060541
-116.65186841274637
0.3883265712378119
0.0992303680465878
-123.52161484872974
-59.474348045898296
-119.19870973738219
0.38061947164286747
-0.16602029318592004
-128.46037079646555
18.09192221025767
-60.14974402299461
8.520707874938328
-93.52473297339475
0.13012208468020459
-0.5612953310639054
-98.36754080410273
-47.109338922936146
-114.03974032686543
0.37857052931055546
-0.44404080938476853
-135.21612909770425
-53.173071216498464
-99.1505391851153
-0.1862101948481265
-0.05029144369962757
-114.69263267794125
-58.34567553339672
-104.66691923036498
-0.11995791290732383
-0.16161376409705364
-107.47397981449402
-50.14426997287317
-119.24885343908797
-0.2417959661037643
0.581559787009188
18.592296187521136
-119.43348337820798
-52.50097523244187
-0.1568062453443997
0.3264552563159868
-106.2586152490541
13.058972969635901
-133.75151218189788
-46.27692505131333
0.4496972917684874
0.3499378320806743
-89.30415303243686
-109.0233300592256
-47.094693211867536
9.596356230900891
0.18708956065028803
-0.47970464664494794
-95.2661145781154
-110.80336713567797
-54.31194993875056
0.1654220515746887
0.19761249087768173
-117.25459119207281
-133.30798063182164
-59.111173896789616
-0.24524244816456897
0.09084147343276538
-81.54037177640004
20.564876739595746
-133.1401909872068
-56.34556932172162
-0.17236127326930806
0.3947432357303897
-107.80311327244974
-108.12269527430058
-52.061814560297556
0.3292984349350674
0.2190717717216757
-93.496518824783
-121.29262989574735
24.00211793559364
-51.54045681714373
0.12180851752625688
0.06287852653476245
-99.78262503590544
18.374696561083567
-99.96496702937722
-60.21436929794269
0.49746467497852487
-0.5285783968977507
-99.18421858925743
-121.99714159217494
22.070829629246724
-49.150879416954815
0.4613636811370121
-0.22783741767997
-123.10985610434713
-103.35055948420721
-56.81934120370573
0.2722023373387832
0.31458096303532
-125.81320480430442
-112.29296055619558
-58.840356548604035
-0.38215778544170087
0.02553659577214784
-131.96125952620417
-109.36555938783519
-59.62476479688543
-0.544565022107862
-0.23325587723925856
-132.80244158914897
-104.65494012223066
-60.04560760170313
-0.30787250915529607
0.05439239506180149
-126.05428502176218
-117.57557837972315
-58.29325985735518
0.11616771918770263
0.5448069902812698
-119.77379734718981
-95.55278813033107
-54.65202334717688
-0.21862132882920804
-0.5075348765994718
-111.76733696537725
-110.0020533820398
-55.45209968574186
0.40400373518481425
-0.15890890228888788
-129.48501870374398
-109.83645558631403
-53.286486347626486
6.75492151239498
7.120935309641593
0.13486708249492874
-0.5046336732310159
-132.67952856797686
-97.91722035415422
-51.54858401706533
0.13593061121711814
7.0573542480698555
0.051982005738108406
-114.21268350726962
-116.71508829024219
-0.14831551430503498
-58.98208990760879
0.08529186578166836
-126.93047263178268
-94.26510038206375
-0.6936256946907566
-56.13249660806106
-0.30237679475381407
-125.03964848504513
-109.77874568786409
0.08670109722413
0.1887356955247732
-44.26760981905616
-125.93754785290331
-104.44896577061961
-0.34227021944524305
-0.00013083349065334815
-57.29062584951612
-123.7675178616953
-108.96704351064194
-0.44252239412520544
-49.17803411074154
0.10288666103423172
-112.10591120051666
-113.69119480187116
0.08173992271995556
-54.32805618013086
-0.5381878441620505
-102.60892047608888
-109.81349627038003
0.1260035432103852
-57.69008354039251
0.12209362011038194
-132.33048951041764
-113.75518215868273
0.30751582335701877
-55.69553401427522
0.052827293404023035
-129.03815519793469
-104.32834868738419
15.030704342930303
-56.425977503426914
-0.46682388931162944
0.2752026539785992
-115.954606435707
-109.80857312526258
-55.385071691307566
0.5983049546341896
0.42221557390698417
-138.16641177373486
-96.84860446507963
-53.35547299501315
-0.32326777731647627
-0.0607115885609788
-113.04915729047589
-104.46978235072392
-57.53972754908979
-0.06437762205701358
0.7173647140531791
-113.24010558915697
-88.14154082952142
-0.31172833415393675
-59.1761222281878
0.1635658321071396
-139.63384972557137
-119.6386458919386
-59.68659449404988
0.2763961990414563
-0.005066338496506839
-118.20974157570822
-113.41071330465843
0.4581275203534926
-55.13645513062422
0.03375033262092608
5.808797745335704
-132.2630688748527
-120.06142499153954
0.2464722853057606
0.2850458538868361
-50.49893783565391
-121.57748249596432
-120.84819265096243
0.16758176973074068
-0.37901999649847595
-55.30085492052584
-125.33951995205669
12.959908054694914
-113.79774289814767
-0.38155929535035904
-0.42153634640464754
-56.467044153323975
-129.1313702551407
-109.19552307777978
-0.08278958640424317
0.1727705851963941
-61.473188356327896
-139.1283280088302
-116.13506194723462
0.3643948186621644
-0.5017241318802155
-57.225327351339814
-132.94619131942358
-113.71977336549914
0.4224891351402902
0.11551551400763782
-52.77755262819206
-98.95583462315774
-111.60177833148909
-0.3060873765151535
-0.3907729791829434
-57.42868621341309
-134.7373141034851
-116.95839609368339
0.16472080180629733
0.5824426079817433
-59.20608465141969
-136.386521601397
-105.75100440368158
0.034417488633012305
0.31952849243634307
-57.91085585424862
-130.49073412251764
-102.77712426469353
17.669633462116735
-0.16198862461527597
0.24516885883112405
-53.41705817051026
-119.17118628390479
-135.52898554389046
13.214706767881175
0.1984732043537336
-0.24622827783108092
-58.77306199210895
-114.40951122060093
-111.33734969345079
0.004850771070351367
-0.40864369797146427
-47.93459530190327
-91.87595616841293
-131.77351162550693
0.2623766569898326
-0.3860818691614789
-56.70764427341619
-107.42768830094211
13.903973197172466
-133.63886280693595
11.425768203941304
17.753374153472038
0.39158581236405143
0.6414542963920138
-59.87616192803277
-121.55175569263932
22.169660980028276
-113.80909832841431
0.08185777025275587
-0.09519794668127513
22.125727503256122
-52.134214213079346
-100.62206745411056
0.3502013442721137
0.2088746596258706
-108.49391774313156
-61.39879507141877
-110.88666296916094
0.0012613415566180564
0.060971727565895084
-105.19810608498665
-52.38451130796329
-135.56225319745047
-0.265346692572376
-0.049831590294424855
-110.92387538802217
-52.231135207692844
13.144612382472173
-125.01934110950768
0.03736058695370259
-0.3307660866973827
-53.31287805286155
-115.15615857216414
-109.88791080500214
-0.03345955104108134
-0.19534556579004558
-59.861522320729165
-112.0904374157959
-109.93125243231782
-0.35851866606674276
0.022081206649605
-58.75320384704069
-109.84246484251285
-130.66130238808032
0.02924760601468379
-0.3155913385459712
-57.60722328634047
-114.60839302646575
-116.78887011335067
-0.2598464226946098
0.011870154393056165
-58.97858740693915
-119.29921700375657
-126.13900586806783
0.006734512817903493
-0.16059746913494144
-51.39639917254254
-97.06301430484629
-134.23711834131757
-0.6967986463477003
-0.10111419946014055
-43.874726845493946
-115.73088163342695
-131.91729929578273
-0.30039548370126457
0.039194813551605256
-46.66296375435886
-110.96072952810476
-132.70711810088488
0.2238761759479848
0.17341159145738883
-58.190193274141755
-117.32071365765749
-131.17919703156338
0.040341002299511874
0.6472242192627886
-52.34498112991627
-114.6405613853995
-127.17345787895478
-0.5280442274686232
0.10881858057346316
-59.47423816907028
-115.9676362040112
-127.00476601252996
-0.017614818942966126
0.34895344601844247
-53.82136919856385
-89.97716041997464
-129.87572382351652
0.04035579107578546
0.6996077645292444
-55.54623412105548
-116.9489362307364
0.2513558212172582
-0.32424187303787966
-134.22652144009493
-57.32438584760864
-114.22410146941482
0.3812250946154889
0.5032595611367559
-119.41822071824186
-54.306859071547244
-114.51195401270331
0.5154088222187267
-0.28485957018351626
-133.24371535439505
-59.94698105846468
-104.67943723286284
-0.15443487214022977
-128.01080594105375
-0.499379491593825
-54.87088472120211
-119.68117441999135
-132.82292708196297
-0.40064537230521347
-0.4610311262200699
-46.966121597411544
-98.53428918256694
-0.3670170048587633
-134.78937517747477
0.2767809445508542
-55.3304180278313
5.953841420250782
-118.82282096734666
0.018437169743443782
0.11261027260568435
-104.29998511559236
-51.86527451471761
-107.06215095935472
-0.5303592342107373
-114.68160838595023
0.23349193401294965
-59.526028539242375
-112.88997023313817
8.956009693804827
-0.32913223644270495
0.4779490288214061
-120.28218276031771
-117.31221616098198
-55.26171098035654
-0.4638190018778361
-0.348156211807481
-128.63665775367852
-101.72171525119059
-49.34151691500343
0.3851291927684275
0.23248213487095626
-126.6250593998701
-107.1611700948763
-59.78347536175813
-106.0489612021413
-0.31025407948087724
0.04033146571279256
-118.46012357778338
-44.97755236634942
0.23274671858140616
-133.71527471730036
0.2701982161268084
-118.1123148665408
-59.07694827791529
-0.17591690817192585
0.5542044167483406
-101.21700472607647
17.589658388948514
-120.38798497320153
-59.21756341341464
-0.3195645014506314
0.2894180768725093
-116.84102851329416
-123.31890353795899
-57.0963945813433
-0.004003423396848227
-0.37707833239845145
-113.95410301339237
-110.90750346605898
-57.181273697144064
-0.6925006209803095
-0.2319464962336557
-114.68225959372936
16.34096710556208
-112.60312368752624
-61.45418531321459
-0.04261201392750413
-0.45987218858434087
-112.7321717078244
-106.1935863687763
-51.0722111356612
0.24583946420973368
0.006054810072767758
-122.77339088205846
-96.55072666749241
-52.71802335027512
-0.2742684366676107
-0.5117268896875655
-107.80974929249072
-86.70990920667906
-50.52530132594163
6.631045709682775
0.22332250268896725
-0.5061462700705153
-130.04468259652128
-104.92989587971329
-54.553111676280416
-0.5429791019793602
-0.11556391111460584
-126.22144447302031
-120.01524144186745
-59.921141552440055
-0.4075752857288648
-0.4311214199433795
-136.51321497891067
-107.30679742236002
-51.949639087577125
20.363042166271292
6.356220343602539
0.2439577423797108
0.6045422026028557
-105.42749434831171
-129.26108658952398
-60.265790405908625
-0.3966919430056153
0.2781053584928008
-105.74144575365601
-57.705204572951615
-112.31963385288807
14.140086582624043
-0.5674905265474653
0.03235397289641795
-88.02407775558497
-51.52825521296735
-130.53300759636062
0.014514493141140283
-0.24175053048210726
-119.46573691118536
-54.97279793298013
-106.70408639795225
0.7396500740392122
0.4117584336918525
-113.01072765926182
-58.03714872662394
-127.9967548530883
-0.3862477831509221
0.28423588679307654
-98.12194759358599
-54.024471407879425
-130.31066219059812
0.2568259503176924
-0.11600504409188472
-105.20260435480041
-49.73119355604624
-115.06727533406381
-0.3179789917140601
0.2248400141006628
-97.22735460353836
-57.430507330185975
-115.65418152558658
-0.4482366382917221
-0.2441317541582093
-107.86300400695568
-47.24082972725463
-117.9845017674343
14.145402376222135
-0.2727557191955464
0.2553726727471429
-119.46036523259066
-56.29525994775055
-115.67184068339819
0.12491443245259592
0.33640773413919667
-107.18994572865752
-57.24840352778377
7.95311230605651
-107.04742647849122
-0.31799337536792005
-0.1804986781152078
-100.40008560359419
-59.40940973711712
-131.56962882910278
0.20010190863451538
0.538797829403604
-114.93694869143508
-57.04493458210653
-118.07098191589829
-0.12171298318959334
0.20444987544524795
-114.01315568927295
-56.85119216458463
-126.41716671737063
0.5367320923745796
0.3035370277177708
-117.54037820219752
-50.500493633588825
-124.0718376310803
-0.11063534749311565
0.06354122699505016
-107.72336730177761
-58.71574063509966
-121.49038176048096
-0.3953771317924628
-0.023706005031673305
-111.15589900321109
-58.70694580439891
-133.19154075534018
0.4149375145388836
-0.4323997477805197
-118.34734235504388
-47.20215857726168
-125.10748265197482
-0.16790097921798552
-0.37466519879361204
-121.82750731000814
17.020130288832558
-50.65402952747606
-138.10049884928648
0.09513998008152891
-0.2986661323751938
-110.67890292013801
-54.82222523284648
-131.07834917274099
0.3303996694522391
0.5658397779065922
-114.51189611771197
-59.20192925701347
6.490382786727903
-128.3762072117267
-0.314264129420442
0.39515570587477145
-118.7790962572807
-48.84066704363029
-100.690148777258
0.49187941894012077
-0.3385164426675289
-97.30455348447933
-57.54796830102023
-128.93537368806494
0.21950007678903627
-0.38659376022222824
-106.40603001696265
-56.34331101077369
-133.92271653060695
-0.5100789271908048
0.4230798332411112
-98.7391122294851
-57.99852064099402
-112.92843396550872
0.416702700155847
0.04734588385195604
-109.44789908632207
-58.54965506803971
-133.1907210655142
-0.34462926379701697
-0.3073892471120454
-108.40837147054202
-57.69892288361533
-137.96015179600317
0.19295962159416047
-0.6174548275273222
-108.6289519393465
-55.69110821043412
-118.1151285780324
0.6573530852089722
0.3212480753638798
-119.07134079286193
-48.39349769318489
-129.9948832011636
0.2562901702624525
-0.22182448964630708
-117.68423690639531
-44.80434547823654
-126.93194612451038
0.37536094514443774
0.4333483582557047
-96.6994113114237
-56.87392316698883
-131.71361605833772
0.6694676518671872
0.08382278131740195
-111.27343957838278
-64.25383774584904
-133.60977114836768
17.47628928381163
-0.26999631237017674
-0.02860723856091818
-117.04753569793743
-56.91361028386547
-131.93791560988814
0.17302236148335526
-0.05830526806176506
-99.84708349155298
-59.26157905180576
6.837732526344774
-110.99628967472955
0.6140454788924806
-0.07074389404438675
-88.54554555475713
-57.13724217475585
-130.8251689342611
0.538102664193258
-0.25570749967755946
-99.30751506459625
-55.27006722723686
-120.17299673749577
0.4638139857803687
0.3711863362643828
-116.23672295037807
-54.402302792190085
-134.29087974631508
-0.15183202688308084
-0.2715447498630912
-109.53999670899843
-52.176905676267815
-105.26242693067057
0.2819741086679216
0.42543689764143533
-117.80986788735206
-55.155650324930825
-134.30819578882043
-0.19407371188970401
-0.06308776085898504
-108.98283831913699
-58.4155975530811
-122.96684309194944
8.591548853240916
-0.42510769892113975
-0.37989477564014207
-90.1675767311543
-109.54117559816183
-50.77105772136909
-0.24657996988268205
-0.33626138521201376
-104.34570177903605
14.886401688191457
13.265763374929097
-130.6303909827324
-59.53096487698341
-0.3248083471065495
0.08449142956783906
-103.08205779447972
11.852354675549435
-118.06137063224146
-57.254713447656584
6.67718031464273
0.01290927601551628
0.5570811114842111
-94.28868976985557
-118.3806520503116
-55.9721634868733
-0.238018186090446
0.5846987977853417
-97.26299244115408
-127.23723301047025
-55.50592110056736
-0.11351474606262313
-0.023531427911161584
-120.86358580165872
-114.07316879175205
-50.997159942506165
-0.0008810924614360838
-0.4544646216005779
-101.0837865994235
-121.7060800298621
11.360012506499302
-60.22977925478301
0.4470346625749131
-0.14823592878371483
-127.9116888341903
-93.93916844792852
14.960113332902779
-59.91251807606983
6.339026175197955
0.2603588685313223
-0.40911614799046503
-119.41777910352477
-134.19371412539525
-57.24455321916689
0.4419528626847269
-0.6216877149707303
-89.38890588606165
-125.93062621838774
-50.16460925427093
0.19442778463294697
0.10803681251954078
11.026895384584908
-104.9384995090686
-127.87992365075888
0.03600857008154945
-0.1668511009011322
-53.46743594326778
-106.79834064933435
-134.81525891334636
-0.14208432611852395
0.2316248438526216
-55.54881575274219
-114.39076332509987
-129.58332212917333
0.1318357262713884
-0.27883478882179225
-59.21297543235415
-111.2078151210858
-138.00279650357294
0.15437164374147505
0.4901395301839575
-57.573015244961404
-118.03023032550917
-132.86669943833954
0.288334542940726
-0.3035966696745951
-59.27556085615239
-105.58176292518455
-116.10878498387501
11.770607940628805
-0.4528637236447757
-0.1280231961123911
-59.8514838269347
-128.82942173122066
-109.88392608023526
16.63329816523376
-0.450712482253218
0.41567907126092973
-50.3386659758444
-102.54423208253374
-132.72984768612486
-0.5858039242223279
0.3238778787445522
-53.60729062422895
-105.51318189033245
-127.82479283716597
0.027321127851399396
-0.3660918577379877
-59.265221046010716
-99.62820127308919
-134.09364796308418
0.48340653248173493
-0.14989564546488632
-59.02422313760806
9.229173813944431
-108.20155585863452
-119.82192114165747
0.14170861999424145
0.7089406324258308
-49.34880318802663
-119.40787400758404
-125.53540738017436
0.12251442422801917
0.40541058550496756
-57.91293507776482
-100.34138811405894
-118.89493919032442
0.1627011843627426
14.64614299814998
0.14322387792234226
-53.70070502855234
-120.72667074440415
-0.3203989854922229
-107.25558007630606
0.2695508051648301
-55.90667146712627
-113.72434878064195
-0.06076801486107919
-120.33957408591164
-0.3905066690675115
-59.127888476102605
8.710757600166245
-128.50501745666065
-84.65869135225566
0.023231383523044435
0.67132514763472
-59.69029092398486
-119.44383508499737
-115.64836603191925
0.5175769540589321
-0.16225881951313958
-42.511370425187636
-122.52193815315599
-116.83777895647155
-0.5931845526502959
0.39560033943550144
-57.233515733029606
-121.32221795051738
-134.59832094946904
0.02407297942927311
19.275992702032678
-0.25540575738263116
20.98937296076206
-56.2526512193605
-101.26133754051803
-0.5086810545646707
0.024788880522786605
-107.7326713777609
-58.55498492469317
-120.69414884684966
0.3148100103966156
-0.4307359012500367
-123.9756585421463
-61.04321137518918
-116.87511247883337
-0.3487015043290096
0.1298630831412847
-123.07318354440704
-60.04375544597864
-112.32405997404616
0.308691078572761
0.2679489765705806
-132.41071636688721
-59.915111483791264
-116.47993601900158
0.1563133721166028
0.2740271173238289
-122.50873950286395
-59.93645017701184
-110.53739079016705
-0.22701056322472724
-0.08327063388187095
-133.79943379628932
-54.71572525545514
-118.63223382054251
-0.06931667915367257
0.14026484634397374
-92.03264765140008
-42.20999935812567
7.114907400659893
-118.50859665952134
0.4458045638689976
0.44200937332233026
-123.20173902146266
15.590601977718329
14.040996667190822
-58.688205844122464
-117.0603393966147
-0.0756455498232329
0.3834707697307074
-129.79543727123962
-54.42903370096231
-116.94536325220821
-0.4468313153391732
-0.20417303148060717
-131.3709364704816
-59.62175322506973
-114.67139380616648
0.200575393465809
-0.49391774031637614
-133.3273434334713
-53.79074295771872
-0.04893922023576969
-89.70562546736289
-0.3673038900047665
-134.3026286616373
-50.863007273253366
-118.13421565800576
-0.37403627680829743
-0.19864922326265
-125.30034479480128
-58.679499918770446
6.353279029333235
-117.10933291877143
-0.3683157870617966
0.38166161294905865
-133.49939106716943
-53.01076896760374
-113.52067930277961
0.14449410628172898
11.544124136613517
0.19127036816621856
-125.5065515917596
-54.09394020863581
-0.15245219434682578
-103.67512902246582
0.5224941445507123
-126.33384022581025
-55.314788280221286
-0.35453764860745784
-114.35457259206217
0.20955808632620254
-139.88519417604874
-58.002654266202455
-0.27810332628241285
-98.8407242936066
-0.5132728505487003
-123.26659402637272
-51.03463604128029
0.3455452482159873
-119.51152205943296
0.34513797300875904
-129.45488295923295
-57.247428437594095
0.3489480185310909
-107.45435181019714
-0.29512855012363604
-115.92202299921489
-47.80780616600296
-0.225899850793448
-119.73023493143121
-0.2756444890526648
-125.09860605543133
-59.825915360564295
0.05635190325881401
-111.74809466212477
-0.35368898686126204
-115.82885908193434
-51.8084462530062
9.245417452795623
0.3360922988415167
-118.72659494055304
0.40041193041569256
-119.59953580449024
-66.21335092224314
5.66530350292804
0.17104157728867309
-103.94307255298126
0.14324843551034738
-130.51624613549404
12.89398392941954
14.71925518555009
-57.9270843202569
0.5088259655154377
-119.03347164511038
0.15308597724645345
-124.65140724768574
20.04176920262175
-58.94653170407325
-0.2663313249141366
-117.35620340946507
-0.282569761882399
-132.83605917818483
-54.35967614474817
0.425182446126525
-0.07642487151394728
-105.34685373499124
-126.48050561830573
-45.78506609905225
0.2823700093811272
-0.5900192538602195
-93.7387771778756
-113.46068988020247
-59.54233621710538
0.1071827557362579
0.7271274266546486
-108.74976087504447
-119.60944740028066
-61.77944259073094
6.458631808233546
-0.04232767142584204
0.08820864734856648
-119.68609306814412
-131.29126720805527
-57.26498376593317
-0.00496876505536803
-0.4015837636918791
-118.90944212788396
-128.40949909237938
-45.77417863003026
0.3981230845664505
-0.2898880821559181
-118.52525746278661
-135.1810575469204
-49.61143041559004
0.14428799848531004
0.019457376115851632
-119.27708173032495
-128.38238076644743
-58.171763360228255
0.04894390445849539
0.03399381399429324
-114.87711026329843
-127.97437096536034
-57.90854748261136
-0.5641823232178671
-0.21440650024475416
-119.69267484499659
-121.01187011819144
-51.714724853821046
-0.2821240809603853
-0.4289157009596045
-118.78066294695785
-130.25994004950334
-50.11705681922969
-0.1838502002747222
-0.05410126365920398
-115.65429740205072
-132.5488837096917
-59.14495652129985
0.305073380673917
-0.27902542673250474
-103.7177234963697
-123.14208130600616
-54.39976604324064
0.20749216662158654
0.20315592446722774
-99.77292102916893
-128.81015857603106
13.451866912275719
-55.398349106980476
-0.3556830884112028
-0.017645642090806213
-108.07850780323663
-132.19746508459866
-50.688023579054956
0.6550781748549779
-0.16105256410059177
-108.73010672115244
-130.69275080155631
-60.468902873497576
-0.2502577463445306
9.326045995041069
0.5792446907893087
-92.78846091871694
-121.63429089577726
0.33408120357285775
-54.892227778795174
0.37383996324198443
-120.2008390468575
-121.9515585672816
-0.5950322305186431
-57.07088917143742
-0.20499686039234422
-117.59037216042161
-130.2012022637002
0.06520451388623227
-60.647467405339064
-0.4289926703168363
-117.78587125451277
-102.40121675132978
-0.4172948222185744
-56.095035478586404
0.44468849703573854
-116.09624551273146
-101.9119008938159
-0.20486084439678764
-57.81640479216421
-0.4543001102122539
-115.10574703079621
-118.23536296216571
-0.01719663360262491
-60.0123687502349
0.03934637961561771
-133.73256854420194
-130.1951640253215
-0.49404856973738087
-44.62982600577091
-0.23550085680790267
-101.61976244474154
-131.95731555523105
-0.37662932033016994
-52.82635067060234
-0.3713431033280692
-119.19617103006243
-132.6716094607774
0.2639087843890684
-59.442303070007654
0.27460174390442227
-98.04871240902867
12.502377839854017
-114.15618515378094
0.4713674830878468
-58.94017029435375
6.1652575520080015
0.06762608800872849
-116.81327122739458
-123.74116345280575
0.4904575864818703
-60.10385607277002
0.20246024660845707
7.927699564372366
-106.21767683983401
-116.12966122032672
-0.3744134538754984
-0.12606129682190037
-52.24741745794421
-115.41248671716359
-132.65804020925725
0.1768201066825641
0.4303973483995347
-57.21136926129915
-88.99028981003585
18.23605353402015
-136.06883107799558
-0.32722186707383694
-0.2981585442602521
-50.19980289812234
-117.27129728487249
-120.34171285858133
-0.44520568813885286
0.5947793192680014
-56.57721256041866
-92.60058355781366
-121.21020405777084
-0.04209095868374235
-59.1333604358364
-0.2616234445790493
-103.70009360748185
-129.9106342802683
-0.8163076188156384
-56.17810132169397
0.37706384972869
-103.20646051551935
-119.24244827561319
-0.03901033883300742
-59.243822989577815
-0.22158130878812765
-111.10999070894509
-132.87901631976402
-0.28671377095015593
-58.342138535281975
-0.10391315670361378
-100.77800058438382
-117.82473421703857
0.15030771084311745
-48.446280011168035
-0.38043341440344425
-107.8941781943455
-136.7226900272973
-0.5884089877785013
-0.3941446218000728
-55.34681699869739
-110.14740981989631
-115.78895352173434
-0.05784243744347428
-0.3271983119357169
-59.14519948833068
-115.55826796633467
-133.9602375149397
0.30712539508178793
-53.205615804242726
-0.04521120115212618
-94.11211559258322
-134.2589609812826
0.3940491162497476
-55.90358485146129
-0.2651271854145696
6.393426091599606
-119.33639893868141
-121.97815684286532
-0.2812512709293997
15.250203500108267
0.10068929688887285
-56.22479404723755
-118.22709866246714
-0.5670999552248626
-123.63542226402564
-0.46965689599242233
-59.18425365620682
-117.11014480023975
0.0820700626497115
-127.1906502810136
16.372186825723453
0.15012292535445493
-45.540925421744646
-93.94329615505376
18.531330986444086
0.31261469625687
-133.5994223380908
0.2438088179926785
-54.30663278869369
9.39321218464631
-89.86978360953495
0.3900926832406433
-120.45382072674829
-0.026277171502376184
-59.75301897204048
-100.32199922499326
8.358360071219934
0.27044361169819564
-130.12430306109457
0.08548207053201928
-98.49915842078386
-55.676843974033176
0.5308071357965428
-98.54231472605302
-0.29982507782974843
-116.51370943353433
-52.37095785322598
-0.46793123852385143
-121.88124768722386
0.043657515820492154
-93.68045585312659
-58.230375972754004
-0.03189111711876058
-134.07283533225947
-0.20102223528900787
-119.14565259869052
-58.30045714404235
-0.5505024085731642
-114.22393083087864
0.25335802409908426
-91.13841741608077
-56.71533709314195
-0.5698962476586329
-128.78564455378807
-0.2722645245126736
-111.88981033044068
-52.411041162010754
0.6269299427077935
-132.71074188555443
-0.4655057011621284
-119.15475668489692
-60.54739393547981
-0.2776164881881549
-129.07477975816627
0.033586582734392745
-102.944897690354
-55.231266462458464
0.1529058529813181
-133.93563304551702
0.01568921357352493
-110.55870964474965
-56.88454153352074
-0.19274999516654712
-111.5823819475059
0.7693345373644372
-124.11022834379496
-58.430850301805954
0.5440689095353686
-117.55155585775277
-0.6462232614068855
-115.62285659612455
-53.61606912139939
18.5524098275815
11.900730556639092
13.711064175787712
-0.7363766038193953
-105.3959411022733
-0.28773889457606017
-60.2490203453421
-91.0591438796108
0.5914392715433447
-135.7156393255295
0.2959638751942759
-50.26439685217218
-118.4252752385304
-0.47252606163254396
-133.34496263137416
0.4665707911366712
-50.77375559472828
-92.60508814853054
0.37962445262053923
-117.7240767070386
0.34041992591183634
-54.79289641515516
-119.47555600522206
-0.6665317843288527
-97.90453432531373
-0.3525002238322199
-46.89901359984942
-122.68617340654023
0.11027958565398155
-115.75373958548016
0.18553005536239908
-48.154690787003226
-106.91255195816954
-0.4513272249545537
-128.44514371710196
-0.17260544303249636
-57.9093681172729
-119.16874964319247
0.17385051124862527
-114.21734451225828
0.2099798452287689
-54.0549882734504
-107.83344890826426
0.13276668099497868
-120.89409448666852
-0.4446624737029159
-50.34279411292866
-103.43862831746411
0.22344419358456458
-126.43928338256244
0.09062812550216526
-54.67282702293534
-110.39046962952237
0.2695744792043049
-117.04225390123668
0.01841548888031097
-46.71542903664662
10.528979922590292
-116.56229775521906
-0.31816450452156775
-130.47718455987058
0.5139943331940915
-50.267014550848636
-113.77095009172446
-0.0011208057748202105
-120.03291769779787
-0.06601350544390694
-58.39979496615786
-118.04067648269874
14.957331183697072
-0.3229954890384854
-129.99745519596772
-0.5924967247257569
-59.51633070017466
-101.88203049713746
0.1090515285658269
-123.02604051037102
18.137167869338764
-0.020679637989080346
-54.793149363054646
-102.97230882134618
-0.5890171668421955
14.288648696246376
-126.59821682928586
-0.12624462866918362
-59.10947640992355
-0.5855671324355574
-104.01813524869657
-131.67091940401863
0.17427959402432658
-59.337459497123064
0.1132822114889187
-117.7785584785578
-126.7726142306484
-0.1266094102417159
-60.31661451914839
-0.25505005367965494
-111.44534970028434
-116.5331088785254
-0.0726566597924978
-59.974263092179825
-0.1597584703738757
-113.84992434791083
-123.28156174888274
-0.34327506934972263
-56.88443794743714
0.0012380860118481607
-120.37104541738938
-135.19782138129736
0.236182433897566
-55.2677957913538
-0.7128431195465308
-104.1067725569667
-125.05441218192377
-0.16366232907433842
-47.939896018099
-0.3682813938271373
-92.27696180087887
20.872477491047533
-130.41096397830637
0.11229956911985473
-50.054315941444344
0.6870645371278131
-117.14337561553923
-107.15782443930115
-0.4460151880106633
-60.44992881355146
-0.1565292621823493
-117.96057519196967
-133.26167951004015
22.541368661459934
-0.17011670550566604
-50.514795854918596
0.51516202069369
-127.04872690592833
-112.00814128771161
0.40343957468280367
-53.03083823115529
-0.2579408080374941
-134.63306142618057
-116.70296295870027
-0.029637948098010014
-51.07127339470487
6.322641211335688
-0.2105083553106475
-117.84632178589392
-108.8421749913688
-0.10438643228442146
-58.02245314856134
0.12039504864470363
-106.77255585142657
-119.36838499724301
-0.49485114466000724
-61.150777078273755
-0.5817229115280826
-124.61051996801896
-108.91200092991825
16.98981340150655
-0.5916254065854383
-46.129042083098135
0.28779857692055666
-118.91027856804357
-129.52629061337672
-0.6535372393449184
-58.98018339611014
-0.1843092748559576
-113.49045910873409
-127.8037876032476
0.2868985841037488
20.26608180647737
-58.27088687017791
-0.31793430930735744
-115.38400523658296
0.173193884821482
-108.65859093038256
-49.32495624880633
0.5505200451992398
-108.97895756798037
-0.46364642579182047
-133.40484637439718
-54.020084672519104
-0.28188017020460454
-118.67953764125873
0.029422739479962767
-129.89695651326196
-59.89872551528679
-0.21086495160947893
-105.4067668094618
0.554874231202866
-120.58294339302732
-54.052201727340744
0.3179269138297831
-118.0500839124465
-0.05685989677975245
-132.6204458986141
-53.630366283327774
-0.25626545690734015
-116.92891885210152
0.3025677076510901
-128.2174742378617
-58.300448425139976
-0.07878878077698204
-83.66840803065232
0.0745935223972789
16.43763756373225
-121.28458849197732
-58.76858766999093
-0.08926110464405346
-0.1418911750618661
-101.69019175077806
-117.45063219946968
-59.844824681989905
0.12307830630378169
-0.07470302592961064
-96.04015862624554
-102.04684814725081
12.215664380404652
-58.80282828068228
-0.5967157061330104
-0.03929800359195679
-115.99533373081539
-118.51961307612581
-59.22857181875747
-0.6705101451170465
-0.23543520181564193
-119.94930546989853
-99.54259055801414
-48.32983276095088
0.6545307619746308
-0.49847872636302837
-132.85962291029085
-105.87325877833216
-59.158277478193405
0.3263622951525098
-0.16629938526152022
-99.63916700430987
-116.79219972024158
-59.82049957070216
0.28864450063787084
0.26491969709237995
-122.39839455776003
-112.06666896011563
-58.70018355068789
-0.0848407377768079
0.22878963355979187
-124.52679079514564
-116.00368701134282
-56.19499717068148
0.1736621024253644
0.675561161450545
-103.43865362300339
-131.43702293769414
-54.45148591901745
0.3854947260685979
-0.31625479486269636
-112.23025015981786
-115.97146290419167
-56.01031810076056
0.6347548586245104
0.3667287926327143
-109.92603044158913
-124.95548104269348
-49.74704274787539
0.13329751721715666
-0.045897144944212154
-118.90095652192663
-115.53518224987748
-60.28763007977985
-0.2116476276909145
0.32252675785666884
-105.66124820416988
-133.94024420432936
-53.34226417903143
-0.19272174961137534
-0.059608218323074835
-96.93034744639952
-125.2605636931179
14.220400694561441
-50.3990161178122
0.3138959426122423
-0.1705360182326583
-77.77052588185856
-125.27144082210104
-56.025451423329685
-0.25804858494333005
0.8229516632653401
-110.16092625334113
12.853405190246193
-122.23339361406268
-58.7658300226464
-0.8133519902607769
0.34512585671323914
-118.01354742308911
-117.75224223957383
-59.18206788805378
-0.13104609222297325
0.33541977608635554
-105.50569347984025
-128.71676087916472
-57.12162531242058
-0.7480524446847892
0.2229047941135216
-116.43156986359087
-133.35974573647724
-59.316113855336475
-0.39199080162512034
0.06138842048826909
-117.92259436269612
-106.38155063108476
-52.56961800990498
10.278948812443858
0.2896664181764854
0.4384298854076869
-110.08076751561484
-131.54338562129013
-59.70728395451294
-0.4315498820390664
0.0855271437166989
-93.31273630993238
-129.4520832490519
-59.285616442892845
0.08154448421462623
-0.01665691338459596
-106.4097950870884
-131.85152357842938
-59.132228757330765
0.4115181945440064
-0.4303323478197021
-91.0088780786777
-119.56633485932667
18.57416578008241
-61.18579729742152
0.46896129618812155
0.21361560484626363
-130.48176138866003
-118.0566489625766
-59.343261127692195
0.38982280319160767
-0.7548453669902153
-113.00009655443614
-107.30269621039673
-53.06260483587818
-0.35202561072717087
-0.22171740966020304
-125.00439240611468
-104.4276288484835
-46.943811988519094
-0.23967126221429247
-0.23703472309519502
-109.68429924103032
-112.33872163093064
13.197602294079338
-54.0091146534173
-0.018261087216230765
0.3149329594640746
-95.0784947881057
-119.69612228770411
-57.82436971096015
0.6478067707033652
0.24414354830708684
-126.36739945676376
-103.27003192486298
-55.760258517311506
-0.18405759752009976
-0.5098430699992196
-103.38841730362887
-102.40100423408134
-50.912766155563425
0.0812896450175895
0.2583922476561673
-105.93086582969747
-116.60476883545067
14.099302201207363
-44.679232470093936
-0.09577433525780865
-0.5932131846143276
-126.853654298332
-118.13866824222677
-59.88349673311761
0.47583428737776057
0.35992018805066883
-134.84820210480032
-103.3407148187225
-53.32427965802239
0.07441658024203912
-0.5270472321851912
-133.68067264121373
-109.30129519990679
-53.64242978456565
-0.09363599487031904
-0.37428864926302374
-121.8565314606927
-118.97368387022686
-55.30321336033777
-0.33163303248031517
7.203455985493576
6.244846944344894
-0.04766470200244788
-102.64297170432532
-94.94762289154566
-0.3129624457553801
-52.031230682919045
-0.35696660695903226
-121.48971867204189
-97.33805054317912
0.29853540342012663
-42.82518518916028
0.2932128433865926
-116.43880551825274
-103.13945654770443
-0.4666259705749618
-55.90622727649176
-0.27648264679617895
-125.1610365267127
-105.6186067393075
0.14563660728001593
-51.108165415072655
-0.4483880514064793
-133.44410490496114
-114.39236037689095
0.20555015174887814
-55.51168396296423
-0.5208206538009801
-123.45816167544174
-110.52077754156352
-0.1170475274942393
-53.924803575185344
0.1313057619081005
-124.87968138481145
-106.51177817184008
0.27711116189092033
-58.94325976729624
0.35570715978408174
-116.32935593644046
-94.83279763096826
-0.7497706017762247
-53.20235420139465
-0.15092040920475958
-133.76850936650638
-107.64714063153417
-0.44716383270714344
-59.51723749771852
-0.28654010617413617
-125.76228173226947
-93.53813119010424
-0.34543307070925766
-47.68809362813276
8.285397502315401
-0.3009203922284387
-113.43137376600016
-100.63720088215335
-0.447830336047486
18.80020274035916
-59.82745399135469
0.2321271069503501
-136.6931162015113
14.82577342326263
0.036076658416956287
-118.83473297465073
-57.768768872318304
-0.16126685278464503
-131.6060495373082
-0.3610897121700386
-96.55240079348492
14.531486010532987
-56.25590058428325
-0.06689445579989162
-134.54153450744545
-0.42067081586263755
-113.59939427630843
-55.91380822210972
0.6365933069984469
-121.90548670228205
-0.4647882444791327
-117.55787026789622
-51.884843528767746
0.056901593481959445
-122.76407997308222
-0.45658150092099703
-108.27641484267673
-50.02717464902563
0.25110140070872433
-114.79504224004006
-0.0763259158059395
-113.53893750062872
-57.64036040561486
0.06910126386078108
-128.13681324707574
0.5840135078858468
-119.21196406925478
-53.229901276474706
0.23763024271367916
-124.85494212878012
-0.34348821074305746
-92.95765990970241
-51.760495049243225
-0.6847704823719001
-103.01386418143949
-0.23510670428077396
-109.18641183872268
-52.615394502029275
-0.332322785785661
-127.24776569377218
0.012291994527351857
-119.84239897627396
-59.8979795725896
0.39278150419593805
-104.93292018290205
-0.5116964419686054
-109.49798711892169
-54.72562309174448
16.747238855946996
-0.1845806258317546
-133.1440284468086
0.38664887946499427
-60.055877759679056
-105.82166809651532
21.194266122354605
-0.3907732109714448
-140.82630310229223
-0.20474150305937133
-57.526384268951404
-117.61389263982721
0.2447004527351817
-131.3475438124058
0.5362743517298365
-47.93369380750252
-116.96447500819096
0.4264516914541647
14.955953887933054
-124.80499837347276
0.2175210713100948
-56.54444475757539
-0.4150450215079786
-120.16849522077894
-122.07277461020908
0.35733359397968867
-53.88007606950227
-0.6851369384328463
-92.31314258667794
-113.53480584486918
-0.309034858474311
-55.0889251100166
-0.20766527665721068
-111.54574278768385
-128.04754555552427
-0.24977511286906573
-57.72744573745659
0.5718009357162075
-110.40633436441067
-134.1912386051607
0.5572796428092508
-57.707555796631326
0.326776245175747
-116.57441100084309
-108.49521760774168
-0.36553115882045617
-58.5279793032623
-0.42295154278767066
-115.40881096955871
-115.72958911845834
0.3000856228799911
16.222003485766155
-59.74828603416383
-0.3873522319304701
-116.83893506166845
0.13577133573065825
-106.69134561006932
-50.59389318567713
-0.023026901264442845
-121.15029499166322
0.3297556501118064
-126.39341520172871
-52.886423404225646
-0.2745682365881197
-96.86634189706135
-0.22926222724439005
-113.72133863569395
-56.92423816393459
-0.4760490797232264
-118.9220347998001
0.2599984302127525
-132.16812872665795
-58.14138756603353
0.4581967660427462
-122.15755617169305
-0.2803886293078386
-133.98174111861246
-53.19476665329596
0.32632257019824273
-117.92866045313043
-0.3554812996159815
-123.42332048478818
-55.99606889984061
0.5537688258439474
-114.68927597113773
13.287900900833044
0.6515160404265106
-107.46231383931783
-56.154406792670194
0.18278333396086477
-117.29902872751322
0.7475500648738835
-118.74653321811077
-59.66047400894896
-0.34155773183145344
-107.90568028769017
0.018112464924066596
-123.1258392927318
15.384485013453038
-55.02328043157936
-0.3315336998772722
-117.06388411698714
-0.03688727133711622
-125.89508735742056
-54.96979590683998
-0.49456777394029805
-117.19404330178082
-0.20136681572813409
-106.51977147286205
-52.612798008541894
0.1750915913179134
-89.39712249042593
0.57915201691154
-118.21382461810994
-57.4550727577731
22.2881700502195
-0.2711150144604324
-109.82502171027087
11.453450263649938
0.5944550774203576
-59.359944858874485
-124.38200806775231
0.38473542844763886
-120.01409136322245
0.20345894123934283
-59.49894204201932
-96.31354122121513
-0.005189786697854082
-123.77362167510852
0.4164303291746019
-46.47976201757292
-133.304028587087
-0.6692079727226516
-97.05565037723326
0.24199845753412763
-60.309728553081804
-128.5726839153388
-0.1562792565577169
-105.98194208566584
-0.4368629560072992
-58.454374569100615
-115.20624444079472
0.2473828436148875
-97.44119387361968
-0.157955198593835
-58.882807017286474
-117.08020947646098
-0.527238142077465
-116.45942049966736
-0.12894327040403297
-58.14415437036474
-115.59338832843457
0.5124775136197404
-105.23403476506071
-0.04679374373416545
-52.03058475896578
-129.052155801608
0.14103748198844146
-113.287921080998
0.27031852753556296
-54.058302709514436
-129.69258527884966
0.6801390997817913
-115.39020480140768
-0.170026545823458
-58.26789361790052
-113.5614780697753
-0.36536573196242417
-97.97165714007741
-0.014565890621849764
-58.09538146870229
-103.75854821793217
5.9855153166013295
-0.4475073741206881
-121.1622124141914
-0.6013236596733449
-104.60753652010324
-56.121359131551735
-0.456789703786741
-109.00125469789306
-0.5206472930476553
-124.3827848626597
-54.48778405758433
0.3912910906752016
-99.55005276892963
-0.45671521644062585
-135.1836850052082
-56.94951316406315
-0.6450029610305816
-105.31788099391756
-0.5687064075779779
-131.00989738693957
-50.285642143226944
0.27604132408404425
-118.94306204505155
-0.0935236908878525
-129.62144202742306
-56.03153126323241
0.07172107199654976
-116.64966262279721
0.0624966699264069
-134.551869384615
-57.61572670015226
-0.4485429396856757
-121.9958927996562
-0.27926977759134153
-118.87845506427993
-58.48096363768606
-0.06920891900546389
-108.83000576097362
-0.1742030954729421
-133.42183058069688
-53.93318812461762
-0.2279047352225303
-111.85505501420212
-0.5606962399787239
-121.28892691206609
-45.106037720703284
15.846578622729456
0.3526283878763634
-117.10017215964797
0.5955701015514661
-59.98567974074037
-107.30820513445148
-0.0006721399114903992
-110.9408084622323
-0.09660066272622325
-57.74875747726543
-133.75390251746384
0.01046659279523332
-112.64120251942892
-0.169268314424055
-56.15987258699096
-108.70661058892708
-0.018341459678166583
-118.80226087766837
-0.010230121865322905
-48.742341279915486
-128.49418796841653
-0.5166041119966971
-106.18789772243065
-0.17907766706564243
-53.95578840567149
-127.33387284214122
0.0016998746803265075
-119.45924989307547
-0.17961308060343195
-55.51020792130631
-130.48405549959585
0.43242911620548163
-111.03960031028174
-0.6971168659811424
-49.65990435232225
-133.6638720917274
-0.2704457479869108
-116.66369630488579
-0.027276029945747515
-60.722521090324655
-118.02337851170617
0.39650500918381937
-99.67908519780563
-0.24056654392231325
-44.6468957597224
-134.01360379589156
-0.33747107272447585
-106.69030658296555
-0.4789826386435161
-61.57991723529362
-124.67474448889833
0.7589826141873308
-116.12944153869792
-0.353526612242957
-57.74014446714907
-112.77317367896217
0.018575636574380994
-92.39754579684627
12.836334783885759
-0.16242762246108322
-56.59810921081985
-137.87972523571932
-0.56706478206738
-119.01579467354468
0.06707928569739074
-53.171549561382434
-107.61270634713256
0.5885634460067578
-116.08896229454604
-0.7171117695843807
-49.67676158615865
-134.79886561515087
-0.13521232750195367
-113.06561440498038
-0.022377033350876374
-57.80759922278483
-134.2766170516516
0.012495447009073679
-119.25193307211826
0.3024697060861199
-61.842715666287546
-133.41931881875507
0.3809689409404817
-94.35406896413299
-0.3485425745455729
-49.97780237642711
-124.77415016073495
-0.13465783950454835
-104.09654589025037
0.12823337605118934
-56.75317774943062
-130.62324674835006
-0.5469950200977288
-118.52581817295128
0.4507065077567185
-58.75084542769089
-129.27166916190643
-0.016805759701092216
-107.11977294999069
0.25676187898332237
-60.14102578577885
-128.57921505204973
0.2914112446742483
-101.30057136578337
0.45793753064852316
-53.19908229868941
-123.97028566093526
-0.22252090964972848
-109.49510419136348
0.3430303637868777
-47.29329242620899
-105.32733705703797
12.985668151424907
0.13437210602570282
-110.36136683690856
-0.0580812865230369
-59.62039183378225
-127.63891701491124
0.41387788487137134
-99.46710946893697
0.4553730269037852
-59.09373292636719
-126.00149000900106
0.2599177274133013
-116.42254202652018
-0.17763070450074636
-46.84477179027816
-115.07131705283861
0.11078854011255745
-119.21196229770996
-0.27270765784265993
-50.42346843404764
-132.7300733104658
-0.5666023190731144
-118.41754890534669
-0.17807447415366107
-54.12933432128815
-108.8407914029029
0.23983177382531506
0.2948007257219034
-84.36927482317594
-59.36415955837971
-133.981046901258
0.2229940490673974
-0.47095749522734154
-99.3390168616475
-58.64536699627614
-124.50332056045491
-0.47246081158502284
0.39694592796005934
-106.73638121879789
-60.34993905263352
-123.53238550608438
-0.5281786350410671
-0.07832360535916272
-105.20370933963974
-54.417847282484324
-130.34322612512528
0.36775187366191675
-0.3978376123178744
-122.67237910714199
-59.05760886636789
-125.69611003880418
-0.5444549740155951
0.44925797360448616
-107.03722861718673
14.159754865319634
-74.31043894356918
-139.34598134906895
0.4559045637198891
0.526901894364366
-105.36427213548467
-57.65731082220599
-122.80406057859246
0.3490320074122828
-0.04198414790813021
-116.57144032854632
-57.7292968981547
6.878585067589353
0.3213243702822548
-108.06086634563279
0.4758767072796677
-114.56437338007537
-57.581555102477715
-0.3357220770911292
-130.49188507109668
19.30392752398459
0.08675005907502165
-98.77600703737806
-57.17861811276176
-0.07348210172790948
-126.46420000200065
-0.3192542647992569
-112.71569187613542
-50.58075947628642
0.06241195811826972
-128.08394631016537
0.4048053579020501
-103.0890128248731
-52.77334535379944
-0.4036023069132926
-133.56700527534238
0.4122495433320814
-109.65200492843398
-58.66938115917207
0.566852445887565
-129.24196729233952
0.012937781320009112
-111.37502932988617
-47.47474283980665
0.44764310331843415
-102.53002364157003
-0.3341046177352507
-123.54422635835093
18.39864197712761
-54.33637450656454
-0.3198114712965734
-133.9616786176388
-0.5417567579138705
-102.2573233588897
-47.734286175110924
-0.558119886838645
-123.54411505560682
0.4050704940770551
-107.39462961379893
-54.81281972925391
0.2745821516898945
-125.16339063860117
-0.16516942680325286
-93.93770651408444
-53.73977149092233
0.4781884895998263
-132.1773447030672
0.4915419511090211
-104.92846115728226
-59.699176798126025
-0.35172682947776135
-125.71131753326331
-0.09228528052122931
-114.97128519515294
-51.576635151668604
0.2835374999346443
-101.29506788313033
-0.1633082793789491
-114.34095640382527
-56.56121149714914
-0.13429448459182236
-124.02834249496439
0.03300432370783013
-112.34554346701063
-55.94957932059629
6.107139994541216
6.54338663252224
0.4790998763257144
-133.99276213633502
-0.012371057721670353
-118.15780114854323
-56.67321253873457
-0.5462895165824757
-114.12190753945791
-0.43336583654354977
-119.44179020048615
-50.68022705388448
0.018726963128676388
-134.2864945615712
14.869085324653906
0.2364697290690707
-103.3104434738354
-54.540958246049094
-0.3988295570606577
6.7924655267480825
-108.3160817348792
-0.4698264099280587
-119.97192484184052
-0.5366246409466413
-51.82060664982209
6.892600011904774
-133.33402160437828
-0.6015519445849581
-119.94775989712554
0.2756452170261803
-58.01071090568646
-102.62934696885458
0.37486528768591487
-109.7063810291001
-0.4656894203607367
-59.65377143239783
-122.25810167702748
0.23780257692786222
-108.55911543441754
11.884195159423964
0.08455795503185959
-56.45798456954094
-130.6675605309632
0.20263163991368738
-118.75956455067997
-0.35871413498816773
-52.91925396646518
-121.82075964294394
0.09512173022781867
-108.64765977165851
-0.36423478253516994
-53.672013573303765
-126.8606727038465
-0.4106061558518843
-98.96354293627904
0.08327315293145188
-57.530415451034195
-112.59921744531863
-0.28529627735467855
-118.33461999800414
0.47149250245457486
-59.540814123049536
-120.76244225648509
-0.35317550165620815
-116.52855169316686
0.16424603866712117
-53.91320395778253
-131.36440770052363
-0.2752563363065661
-102.38030698594423
-0.5100044909590574
-53.964876251118355
-121.97177400710943
-0.22109985228720563
-114.95256395813735
0.5195801190132758
-42.443208683356225
-109.79926084935869
0.542287142882337
-89.8683758574891
0.5389231714580096
-48.671095611408916
-130.85044771313903
16.695211132018272
0.001404485913210074
-117.73201810685751
0.025267819619533505
-60.627025420530195
-104.70949397620458
0.011924386221642047
-116.46288850959964
-0.6579318892171284
-54.617088366439816
-125.10222375858922
-0.11391042140384666
-112.89189479418805
-0.24549265269766107
-56.17410339947466
-120.10790739531502
0.18880218401519455
-94.96329816607607
0.07799605905492513
-51.20435066562542
-124.10259851447714
0.4243137756177744
-113.90926613882527
22.848114722618078
-0.2613387951542333
-48.32152235282685
-124.93366207511312
0.5997043097614496
-104.8426200422977
-0.006170183532173912
-56.013945096664635
-100.69060164099034
0.14423621225386096
-111.16490319601841
-0.014844628610879873
-61.854985657133064
-134.76260051789987
0.3423862698334952
-110.9146034844822
0.17707753440360197
-48.31791998886901
9.75208930402944
-134.5138732437668
-0.5934374295470923
-108.80878611579898
-0.45972046510047027
-55.18157673689833
-131.54726121377402
0.24179319834018997
-108.27617128754113
0.4032469832260932
-54.794782355594485
-121.05758672894035
-0.15305416089870705
-100.56540735843346
0.39914284144069767
-56.726938404959284
-134.8650216128206
-0.206759953588453
-93.21755862090197
0.02191891560170056
-46.22659098860387
-107.2251467825892
0.7577043553665402
-119.3177922463094
12.288586666209993
-0.033364239387719596
-54.48102496019887
-112.29445050079896
0.10017775599681555
-98.06977202024255
0.17463907449491445
-59.433766218843296
-128.59635174040196
0.6363046832039025
-106.45544670096155
-0.2731925808554465
-57.78634974754569
-124.87874464730746
-0.3996659807237726
-105.4388325194816
-0.609811544722558
-57.03937291940661
-130.83059649826316
-0.04752789908170829
-117.7877100294365
-0.16039588892059276
-56.77307789631707
6.109215078470993
-0.5627699219598454
-121.00296594608659
-112.35449548938314
0.19673501176610497
-58.75102081263083
-0.21049668416204392
-131.85293802062276
-115.66421605363925
-0.2816303988267381
-60.97048858926006
-0.14517750201317248
-107.62908551029058
-119.32942049199279
-0.6612554471571528
-47.217586589556994
-0.34019361575409857
-119.00609845853718
-120.98790506719332
0.5702344724971553
-57.31346944787848
0.38757327788893536
-124.58910705019736
14.646520160669816
-105.91630382126438
0.4708487568823343
-58.72621349458569
0.13143878343224724
-134.38717261916648
-122.28187992979919
-0.07949057048854757
-60.83581552436007
0.05521455393833041
8.09610849673935
-104.37989408968721
-116.39388554007373
0.1468057739487496
0.2086910333700378
-44.04815212599505
-104.66141905571898
-109.4097119448019
0.4609358734998865
-0.31730427468039
-46.43353281643884
-114.87151994451906
-118.76653354425142
-0.3179681196193356
-0.054199101040630415
-56.04630379885714
-123.10946088492183
-98.44442389758237
0.46810998939112136
0.3750095759448857
-57.78775479053749
-133.061813265077
-104.95873838271639
0.08316944663137438
-0.5342012147934543
-58.05278107892465
-133.79350710830533
-120.15717212539042
-0.36036775504674645
0.5653099886540612
-59.45672631111841
-131.51470627382713
-100.92524863946689
-0.012832225602834146
-0.5156036342164733
-56.8576031367978
-117.555543149208
-98.08044183478079
0.08801357432987511
0.3751832544137783
-53.28785290624908
-123.04541710676317
-111.48856320779863
-0.0019431472837163621
-0.5112480630810707
-49.511397303708875
-131.92773088137045
-112.02569503104053
-0.08117223411411789
-0.3611876630268671
-52.27026041359662
-131.14039782859524
-108.6497295566746
0.4633260514256613
0.368665521540364
-56.31364442741295
-134.11756955259477
-120.79597588187309
-0.15377602395659573
0.5109714890066221
-57.61530565623836
-120.1723861553512
7.68162142283512
-114.7463941233156
0.2789758642032051
0.46777354952510475
-137.44968768466006
-58.884083975706126
-119.29965087456048
0.12181083707220919
-0.45385618267257155
-101.35640366165252
-54.226239846719714
-113.59371598583301
0.4436659844238363
-0.12709178894879336
-127.37198505436936
-59.12423542141182
-101.29782825584098
0.5433722983968294
-0.0997240139476201
-113.91380954865112
-54.87251587656036
-108.12666136036651
0.0057774961827903315
0.36818865385819
-125.7323017476668
-62.22135586247681
-115.5394891413679
-0.492628070433899
0.04261602950510657
-118.6996550820597
-57.824997419624154
-118.63000791430694
0.5604744916667252
-0.05347922353935486
-103.77862810482566
-56.74232498201206
-98.88098096869038
0.12187797880034745
-0.43496433160640535
-132.21899635702613
-56.997441942443935
-100.15002218792452
0.2874536558939582
-0.07527109555936873
-123.72906819933726
-57.63503155596282
-108.5041519302885
-0.18115776740727307
0.24392703698173657
-130.87628080312047
-53.4290816866707
6.2693541779157025
-117.15039028175232
-0.40853547941036794
-0.3001741349946877
-133.47582528280915
-44.17141625942795
-115.51785040765127
-0.08690337659658609
0.06341003917053456
-109.9339244025232
-60.01105522905254
-118.42813803762175
0.13825493475315653
0.07880193013739056
-130.16249381507413
-56.435687178281945
-104.13519005710855
-0.36722192742699566
0.6755931023794148
-113.92742183568794
15.320161875556817
-58.310268747678414
-118.3358391726062
-0.05077811468896565
0.3682935574471775
-135.76906589672015
-45.4124297847701
-84.49203744245324
0.4251710307004066
0.6236942719822771
-128.32736273848644
-60.582974691897256
-114.2606322692444
-0.3278979606073231
0.2679239573031438
-133.3173194981654
-59.79554259311588
-0.5100285974566305
-118.05735080651543
0.3329746652412964
-129.8236812439878
-53.67049140861113
0.3248378931436984
-110.37255135988116
0.2526814820719059
-103.36868917094581
-56.8804942225397
-0.44457435129157985
-115.76280033878899
-0.10300059188295196
-134.12361657048766
-56.42723574737933
-0.5441571880638938
-102.65626797848829
0.24591675352221376
-132.99813107448642
-55.09940264101282
-0.09354030141565273
-108.4763621124197
-0.4472922841452176
-134.74178180704877
-48.070892662931605
13.192053779477426
16.424732371279852
-0.1442931899334794
-109.93896554235297
0.44466639933991137
-59.22558141603404
-132.44663803325065
0.08461515263304098
-105.02334080456161
0.38898447503229905
-62.67686151025774
-119.20255510136717
0.21581820613201586
-119.2148593050339
-0.26820822971720615
-57.327382242219485
-134.87242552364984
-0.4794427747475911
-107.77151660214919
-0.4333669869999919
-58.388228518354225
-111.73374515047846
0.19998524496005843
-118.33655125940847
-0.6113577667293999
-53.866767609405784
-131.9610579331129
0.35589724012093016
-108.79841664018593
-0.06198112618285134
-59.83793913840256
-125.35495943447225
0.25665082471732514
-103.92268831301874
0.47316548127222036
-57.937543024591506
-128.53331150024556
-0.09817866090396365
-111.9526949288274
0.46866854235571753
-49.13661740309099
-139.79726026057105
-0.23115857596390854
-94.41945013205053
0.541352759786135
-59.020001082129816
-122.98539657364888
-0.0449870603510627
-112.02656011200571
-0.2889401303920156
-56.8907030034136
-131.62722277852998
-0.6060637870592458
-105.04403706272845
0.30050623058509807
-53.27995706896633
-114.14410307107894
0.16231679053201287
-97.97846575017851
-0.3278858230496642
-60.972734029112324
-109.87764727802364
0.608412177817931
-117.51173450971145
-0.33823894647957076
-48.19395568793374
-110.49508403693933
0.32104828539613406
-115.10481143150994
-0.14526571339567895
-54.18431524336647
-132.82523316859968
0.03842682622088245
-104.80176705757884
0.044247504296222484
-49.47749572466324
-132.97541961801477
0.2574126361029556
-118.34594948224616
-0.674960079172393
-52.61614618555239
-109.9239516519259
0.5287800236326857
-119.40160283713597
0.022582524144255656
-51.038490033038684
6.453560260591656
-124.04928939901387
-0.3993158592857946
-118.93911028387154
-0.45872484527015867
-59.43069253518786
-132.9275665633321
0.18493956245866738
-119.48046507411162
0.617858816274867
-58.52551198331473
-129.95644832144995
-0.06639954099222756
-112.7932448661949
-0.4879769587847028
-58.70865507395161
-133.76083716861118
-0.20991590344145195
-110.67589898427299
0.28852816773647083
-56.08688020134129
-111.35726898203693
0.5501826690234864
-112.4669281177529
14.768815963182053
-0.196989966219696
-48.69589393825016
-123.9539819659324
-0.057752339811625086
-119.0935369185798
0.5092569378080489
-53.33007332864338
-125.06469656302023
0.02782718121008798
-105.621499968325
-0.3409567441325918
-53.56622346460248
-115.01238690442557
0.03281819224428206
-118.73490295861181
0.4904813776516985
-51.722654622374456
-130.44147262884536
-0.7098531847638847
-101.06687732622426
0.4036487440609018
-56.90828301381049
-134.90439971217248
-0.45758431918752274
-117.85339336428615
0.475058464625721
-57.11878531816944
-127.92522635412111
0.5239707780531793
-102.58390528504233
-0.45465823708029474
-46.8759948220389
-123.9079478163011
0.28348739948402013
-85.67603346219951
-0.35337628815475375
-60.41470339820289
-121.82411305065638
-0.22001644585903102
-119.9199290994336
0.13236577191700916
-53.24396347616293
-123.53726124488315
-0.38180477360433007
-107.69798788345032
0.01725074620407563
-55.905205503220714
-132.13244180736308
8.644359946690908
0.5085344156663307
-118.4924355705195
-0.10333323257971339
-108.818465638623
-55.073800727462434
-0.7830946523983628
-112.61735695746792
17.779157914349327
-0.10530030448142447
-134.26903988887173
-53.12355950287614
0.3952834608371705
-104.23564253621703
0.4611973798671871
-128.53393333205167
-57.232407995090554
-0.24558097048634941
-97.92615123605596
0.47583923792795335
-130.7935373063153
-59.6868471756628
-0.033959716424723396
-104.64253068397214
0.257598571547085
-128.09522614492406
-59.58776483945474
-0.5856908391445619
-93.88018658976848
-0.19909151780029477
-129.48803344777622
-58.769468665677266
-0.22953089107766056
-118.54087989711965
-0.6380552798884898
-115.88251870772649
-53.4032603495225
0.09917418266034028
-111.71762300900308
0.37427942842206197
-107.72621338782496
-58.994117498360104
13.769028756889933
0.04325664628006787
-114.54460407098425
-0.16081024754312234
-59.447808512268345
-131.42358452676692
0.07851132507013636
-119.78291651182478
-0.09985312431863647
-56.223210384192406
-120.85079215114102
0.27004094173064197
-115.50445487789644
0.39002351188937245
-59.289927032207
-130.3137342739868
-0.19349532356387233
0.31257164965902073
-124.49221334712523
-46.68307006866108
-106.33730395687365
-0.24287627999720263
0.37408318731603973
-118.07785121809698
-58.380190957736346
-126.48345941291385
-0.1144100266881638
0.20979999665140214
-114.23190210019261
-55.95933276446825
-133.74691875244437
-0.2499467488539684
0.5474372210866099
-117.2635290288101
-59.22123681325676
-122.47460391665966
0.3673425605123386
-0.358004841438869
-115.3336323829827
-53.975705185728344
-120.86348323523376
-0.436586583028197
-0.556698572427228
-118.27415955290735
-54.1448274602902
-123.69998757774496
-0.0891100803317545
-103.57735817482555
0.2822765732148531
-61.07293544191471
-107.41786219182505
0.2772719402286836
0.20876197309854727
-116.98469280075855
-51.56551990506822
-131.5367005995814
0.7226736666429294
0.3455872455931003
-110.06411376870086
14.267909960549998
-61.99708990632416
-125.36096881632366
0.02710365104616308
-0.037675954633011655
-120.66553571460949
-58.15832124808427
-115.48072041709507
0.13712369033817806
0.04322796366267667
-102.6818172386839
-56.03385277632411
-126.28281372659922
15.883774358114103
-0.3466920814935236
-0.5217540350428417
-108.40085294829045
-45.79343987935382
-103.04047482937133
0.07108471492779722
-0.603517021142796
-107.71243424639145
-55.484524639245706
-133.01906002781493
0.34667675144431453
-0.15856064860407804
-117.56000985854203
-57.1123931607151
-107.9145418118762
-0.32928650703958406
-0.008396312475473344
-116.15132624304783
-50.77143250600839
-134.74192727296105
0.3951373761337984
-0.07786029528562444
-115.256504675981
-52.016880944177224
-110.06313634474031
-0.05339005598952906
-0.2925381738123949
-116.53041407610769
-62.32482404725288
-107.0835724932009
0.20863782330332103
0.22503203740622313
-102.78031513838323
19.568543552886076
-52.61097441693625
5.944739034989345
-134.1911598426939
0.1767432194974934
0.07531512072993585
-112.22916111572941
-51.349584096148526
-116.966238682209
0.6267367373013439
0.09118196282499436
-115.7068394304532
-58.95192526825
-126.12396503576224
-0.5814237469289412
15.898491329300953
-0.43564563192417327
-98.75168936666783
-54.49705511845488
0.22245783937884656
-114.44839882364745
0.043143652603448546
-111.17922225009015
-55.260366762317325
-0.398775262134079
-109.53789878672977
0.4290569486769029
-114.58585953139648
-59.66623658196885
-0.34356021323741825
-124.20030623131998
0.38363372767434445
-110.60310025929006
-59.18003789811767
-0.08510690059924597
-130.15610469437567
-0.6251644509247836
-100.18179301471959
-47.71588445467966
0.4810427837135476
-110.41105886128119
-0.07178569858683903
-110.82150281005106
-59.40498740578608
0.1016748802041274
-127.87453895475875
0.26925135181702164
-116.83888567029955
-53.715740239656384
0.4163914299250324
-114.53219098743003
-0.36890726111324734
-118.93045162498066
-50.99883731857197
0.35472936353389195
-125.8317931417916
0.5746214201883724
-104.52637547736104
-56.387878008440524
0.5390410733493496
-134.39854689543722
0.3188849828759166
-112.49311743071732
-59.582181932357294
0.07433307431004188
-122.30916829510518
-0.05969102473127319
-119.76035983031576
-53.19352521439999
6.7393207003542175
0.16581845178403376
-133.87809781089035
-0.3419363513928675
-116.42992910796337
-51.88603697274604
0.46273869984666893
-131.29012867718765
-0.1322015461102306
-119.14240109405938
-60.33825152969554
-0.14750913211788097
-119.21252391692244
-0.17053383646984388
-104.61121033681957
-50.86275792690122
-0.13311021919987898
7.896428526530419
-128.07535477643623
-0.6139022351874821
-117.67241330107473
0.48616586989748356
-125.96636763322569
-54.16300599271027
-0.2719090684977894
-113.65749357821915
-0.35815013534081275
-115.14929184548649
-53.60216163177239
-0.10322005173339832
-107.66247550814913
-54.97083542423369
-133.87935936011152
-0.06915026039232508
-0.6350973789608743
-107.17606821556191
-60.32774203729817
-0.2266072613830885
-114.43008971650154
-0.18321519245529894
-121.57116436130717
-55.17201007205527
0.22483570111757512
-112.36197102994595
0.34040862321990595
-98.9652835898315
-58.02602078044974
-0.16834372166107103
-106.48538202509208
0.2587068691168525
-101.27000400585659
-59.21878557005229
0.40944578308114843
-121.9297700818311
-0.2837001154680252
17.71852135725681
-113.50520860911946
-55.03433814952759
0.18140270024537863
0.1371779553907735
-125.77979951839485
-108.63478774886963
-45.703434400810885
-0.42924038337945447
0.508451679275866
-119.16206186630932
-113.90630799427986
-57.66238929163986
-0.5846247283110068
-0.07249783150457612
-122.99881681539844
21.872776780929485
-119.55213441837178
-55.24165622366309
-0.5733317336747288
-0.6113936151805635
-139.76419380763832
-106.98484877911756
11.628858042408591
-44.17276790038527
-0.29510020741876297
-0.020047891356262837
-123.32343634002139
-115.45512528796526
-53.67923318927036
-0.26824376824223695
-0.0680050217178374
-117.73882193591345
-110.18268052582788
-59.502510846066315
-0.597279461830543
-0.005978454621296203
-138.43215542287413
-116.50682255655131
-59.649633125848695
-0.02084654529747265
0.5022469998293311
-93.15995948076495
-117.87734462142832
-57.835151259815
-0.22850048882625762
-0.38707918381089657
-133.8083877245283
14.775332119311406
-136.20026292519873
-61.34400092938662
0.2920082763746361
-0.12851370308142007
-133.8115863942777
-118.90016389271004
-57.98874403914096
0.06024520163918834
0.4138894179320358
-126.39316947266184
-104.57318030773098
-52.160984033960816
0.24444102025948755
0.37551640669334585
-107.54072076497243
-119.19168301290954
-50.970392882234265
-0.29420692498534007
0.5240640144233857
-118.54864188696446
-120.2056339080991
-51.4031717551336
0.5021517297420259
-0.27530806725582435
-133.76206666924526
-103.26689071437309
-52.168868885588054
0.29406914647201376
7.9583409123816
-0.08528715397442199
-114.02064299849009
-113.65018975601437
0.43334042194994815
-57.565321395877
-0.3812561776491119
-135.05122785997003
-114.50346129404785
17.821169263356833
-0.5671893334534688
-0.2808622139925887
-48.9500650147381
-134.765546500994
-116.59082567510409
0.15434535705260743
-0.45163497103283645
-61.860179956269654
-125.89611390609235
-118.70117708901655
-0.09359660532603575
0.016028953901653153
-59.47371414261029
-111.19298563601586
-98.18726805715926
0.03362539274746901
-0.0010649138988367834
-59.90631119917112
-130.03051418834022
-104.28969488913678
0.30771533576798693
0.37224782771851395
-57.00351749114394
-126.89032480749258
-0.18770447784250543
-0.3356965223656505
-124.9539812136955
-0.3061672566749303
-0.41848837506422587
-132.89950144141383
0.36776290045143023
0.6130566760753859
-117.44121991367041
15.227656713231326
0.3612384511437392
-0.3399121625266024
-131.0653432030534
-0.6392055976862214
-0.47655521517358146
-106.07228318836536
0.11942452181867447
-0.4749304114493065
-0.4660932459010638
-0.3117743150762764
-0.267652520890744
-0.5519670621289315
-0.2748955915887703
0.2868964887722525
-0.2547146976418695
-0.34920659627468
0.17388335572742197
0.2999473586676997
-0.14625018227630493
-0.005592050756355382
0.2036939217094087
-0.33240462056040965
0.48882252330213416
0.1373217628587753
-0.018902252421299393
-0.5192305911468478
-0.3511692907999917
-0.15557539512285945
-0.4392095820965498
0.2667554883547576
0.11906752989361324
0.32474650299897145
-0.2729565294885714
-0.24675417574300518
-0.3404399351435359
0.34899897207677966
-0.028836001170653436
0.2621854350930356
-0.3250945335864137
0.5921761774109853
0.01749667506235053
-0.03433985526855032
-0.7126638853089051
-0.41299536823950667
-0.337200992983852
0.2955594610294696
-0.2323107302091263
0.41892573735508565
0.21724313848491228
0.5664840737182089
0.10630410284180825
-0.5298368773967939
-0.5936995265839642
-0.1294560577094408
0.09248422461946859
-0.1126621235057279
0.4508682211446471
-0.368142343497206
0.5565683135249295
-0.04823845076266586
-0.35109708136331763
0.14034731080385643
-0.408769932766897
0.8244879417332807
-0.3535625567171641
0.23744008549320827
-0.12227092113534366
0.41980885780830524
-0.052013236812469055
0.04423573020950289
0.5951894732130003
-0.66346448070128
0.41376375911304963
0.2583939312910748
-0.13601239832927892
-0.5502652772828365
0.1888343841773692
-0.4097526056730678
0.44588451871628654
0.08579557717719055
-0.3379251383544515
0.41461851778231884
0.20326094516556847
-0.48118126404483363
0.0631418125764529
0.589552394690813
-0.24462076001689326
0.6964163391760061
-0.15681897983048732
-0.5412519494997813
-0.012193114583343156
-0.11512424441696867
-0.17720539719250772
0.2186847907523226
-0.08194099212708372
-0.1951994194911928
-0.5995871110463109
-0.6077520070713038
-0.27837607209974213
0.15612102210987433
-0.03510350502461068
0.4338008197010772
-0.3839268577359882
0.5014749021295262
0.3807829215787315
