-32.862980936090466
-40.76162611828502
3.983524894162948
-60.817293539671326
-46.63913974531899
0.3829263247205169
-40.231680876537354
-70.296093265373
-152.20168763278252
-26.3419435727849
-135.5623104828914
-3.7857656797809796
18.412824590382645
14.94878122857607
-220.67960006218485
-44.833676909265584
-174.3083175096354
-16.14778844693936
4.631878660157657
-57.664438375027174
-57.6118993103045
-13.795785720010919
-36.92490314719583
-121.48007679586368
-224.0223134288332
-107.96171835481576
2.9947180561581694
-71.56086044845716
-181.28415480123977
-0.44985297395251767
16.26551762825063
-71.14394167005612
-25.825123063869533
0.12822091862398755
-182.49358604246828
15.769703420257597
-89.26881497534755
-188.53644128974395
-202.7606986662994
0.8190376286464358
-220.03397638463912
-64.39990641451006
13.128669671005003
4.660688805411449
4.521026063192237
-213.04547820025886
-161.63473902159484
-252.08267258593716
-15.420271331596359
16.279486866698257
5.087998091981948
-89.9171081595347
2.973969168547183
-64.19261132544081
-55.877758922476396
-105.62155731190549
-48.56355653569346
-6.483691815629683
-74.91913112378431
-176.01919697515837
22.318442479074164
0.1355037774373855
-30.863702420883957
-94.2508607587719
-258.15170735360704
-0.15969700809434184
17.733290802729382
-3.5298434496770588
-60.78536860058373
-10.419210433428049
3.5295313089685303
-7.047407326933526
-123.12813847447444
8.317626602631233
-40.790686136325206
-196.5912007427233
25.506509934361844
-6.001815784813915
-171.01519249184955
-3.17514972807599
-10.013344863900233
-0.9427088173426867
-119.23359072943946
-155.15959226493987
-0.276775093580681
12.84192323382069
1.140742688966038
-15.804935149472694
7.262748028944466
-5.326940348957473
-270.43665136629653
-314.4089994371586
-5.625780871690171
-59.83216457577399
-17.228426928873137
-21.28553504678203
-13.37735117629721
-31.384961032238284
-87.26614745566937
-30.82348335078097
-18.638833814696273
4.429871724317316
-0.9136168695175693
4.021866542074049
0.07277677521723591
-280.4202910147262
-228.32924394924837
-3.303116456802205
-24.007428891338414
-5.7990996312149985
4.672005614694229
-75.94758455335494
-161.5271359774501
0.5454722552692903
-4.735373204194989
-390.10142890790416
2.6573512118376503
4.505768757255974
2.1628843609181283
-101.29865379668817
2.2075187486259713
-123.64917198005624
-27.32977230375041
-81.12805772196369
-20.536015773592652
15.613093309262645
-8.90547023822851
-44.552067967892356
2.263229770542358
14.438877034756285
-6.922011219520462
19.52610702483266
-1.94724221143478
-2.1978427504088347
-63.366814389724325
-43.50754231615799
-140.6978820726771
-20.776054680127604
-3.6684920015108125
-30.878719096086073
3.318552540809705
-14.323579737895612
-14.810802745476712
18.02440478423914
15.514411351397438
-112.78847036543644
12.758843076161375
2.702705525396018
-11.025780780478271
2.830149269049985
-43.83827369126219
-70.1074109045764
-5.592857567393066
12.815805803717433
1.1561286826818202
-55.57550657971676
-343.1419687368739
-66.36199691484565
-315.1401544357599
7.5788967964647185
13.070435029740793
0.49832292182062454
-98.71308241674701
-17.853999719702735
-23.01423182052781
-104.9009214586814
-79.88613315511937
21.094186809187995
13.261098850694909
-4.609063387169249
13.455109700407412
15.4070042624675
-32.49352213735288
-314.6513149900311
14.211203739893268
-62.08105407483151
-14.985519319915749
3.4049676695009996
2.583681398958872
-15.389251874711164
-20.01555480351665
15.258968885165949
14.120743861101278
-350.5676973670187
17.630068433930838
15.038529330247691
12.831291167431925
3.509660356336048
7.94927765457693
-108.3538237655873
-18.519310936224585
-16.564507221878582
5.276084952532257
-117.52300141890075
-1.9158712538309024
-108.76613014062298
1.495514171881557
7.718514856747572
-15.008643806406633
6.34102977462088
1.5638909686831088
-17.34116373893397
-248.70335475897062
14.189711708082417
-51.360794640911834
-271.5464982086965
14.997344684720343
-20.488800427288343
-9.246299021252241
-132.53222702148082
-7.25575150001983
-216.89154891145233
14.519157676910384
1.443980875016213
22.000552410430224
14.81565517681496
10.918561332178188
20.961353720874556
14.330231068483418
5.6355463918024356
8.099460985159173
-101.66294615231818
-29.992692553338223
0.20148552957645904
13.041900596783567
13.383925935440212
15.942947937190684
12.228420904937472
-401.17760329649656
1.9696233560580407
-22.64604199976298
17.20624537569653
18.62561591339952
-26.881497431333692
-321.99810171911037
-109.31555843142027
17.997279350033097
2.525197164460063
-7.973946175795556
2.27268089106912
-8.262394681303238
9.841592860051806
15.857630550000632
13.090873203393102
-365.1277511852919
13.22969727499986
-0.15095903821286183
-396.0979040236396
13.577199488476744
15.570888993612469
