6.363098787584906
13.452296966016196
10.61760955668812
11.113756057660442
17.335530319747107
12.652983490975434
12.033999946806443
13.128249226065648
3.2321190503329382
9.15949602743214
3.924277194510771
10.251801158101326
10.480615903549939
20.453094272100603
18.60812171418737
12.540453968956783
18.35404170785384
12.448644328231337
5.985597869869503
3.520768499224889
10.45821806161941
6.30213688105375
16.801835148946644
17.41391675715807
6.19635218228637
20.718545479812647
5.93524532441169
17.14561813041794
17.205294476820633
20.567134271956075
21.15632935085502
1.0219970379184553
6.923605583553849
21.959912408767014
19.75085646570983
21.711755307759784
21.42408592377905
20.094461728510893
1.6213862198831164
2.715442464266135
2.7284935630215483
4.281984843404262
4.734466220561219
3.81922903092099
4.868310848465574
2.889128089477103
2.4762729142234896
5.050339656645562
0.46606397646807374
5.574315662133559
3.2732400574656864
2.4335705080063046
2.2256965379637372
3.1999343427825537
4.411249092872434
1.3836099062164582
2.9198444878413214
0.7356129280908523
2.2123898331136638
0.6959739391275456
4.526238305566578
2.8311548441425165
3.318320368374366
6.27355128657354
