-1074.5624316284318
-1380.9648441204326
-1703.3812452434056
-1449.1978461863462
-1451.413267998562
-1328.5652843324717
-1357.4214820213308
-972.5914967792316
-1493.9612446391
-1017.0758069376831
-9.145930200143505
-679.5477137840144
-1105.8458279162335
-1506.640698081604
-803.8252144043905
-254.09511087417206
-971.6538921364227
-395.6769941942033
-263.61857879548165
-252.315187995999
-1140.9954993657757
-124.755437967315
-1052.0449355691426
-247.98971220119392
-506.39931020443333
-125.68558042474454
-243.30697093030025
-129.4758922827858
-243.51853441665594
-243.13777923852916
-126.22702053821506
-375.67528986423514
-133.15188007216756
-126.2337200347568
-130.05978046896902
-233.87795230402818
-121.29652616566896
-126.1041017589886
-126.23148622050928
-128.55354657149022
-122.52924101999845
-7.823640378613036
-120.34447445982053
-122.09231321126279
-235.54189629911028
-128.50062335902103
-135.96691356760377
-157.8613975906367
-369.38369560600734
-492.29798798922627
-587.363192491805
-258.7330608144728
-370.2989941477422
-131.44856296626224
-127.64868396942344
-122.6084231540316
-120.46672902413044
-122.46041586193152
-118.39615096248578
-494.10237060525213
-127.00120108450108
-127.54186477997108
-15.506111875509779
-15.705791544782407
-132.06244452155053
-338.36838285112475
-17.271505159734772
-121.5321081158355
-255.6950898090584
-122.78009349815932
-122.58601548091804
-244.54058686107908
-134.98812268469345
-131.3454241746016
-128.1264888567678
-248.10854855550755
-252.19589326994762
-253.2576161539854
-362.25288523895915
-131.9274212025889
-10.621771533633073
-128.44802504278968
-255.83283366229747
-239.63267121815676
-125.93058767956629
-124.82999001588219
-131.2065943258433
-255.02174736310928
-131.46865992619982
-255.01409163040984
-124.02164319743102
-238.148236154307
-129.93811052230754
-16.78623770571745
-133.03891226361216
-139.52594023967566
-141.84245379383006
-134.03900424170388
-314.6686925910806
-130.66363978531132
-135.35858990766005
-139.90231388932227
-241.45346555021428
-248.34228935618052
-127.08774276625103
-483.3420889533531
-378.7478878298244
-124.61355676821493
