-0.03359448134718645  -0.03359522981967115
-0.03532127781824468  -0.035321673333911834
-0.03741400776493994  -0.037414032183497065
-0.03428772451142665  -0.03428772451142665
-0.034089927727138196  -0.034089927727138196
-0.03546697217298284  -0.03546697217298284
-0.03349681254948725  -0.03349681254948725
-0.032079694108605304  -0.032079694108605304
-0.030561782341761885  -0.030561782341761885
-0.029500306138188378  -0.029500306138188378
-0.03055889683572674  -0.03055889683572674
-0.03130047368891885  -0.03130047368891885
-0.03130531443712818  -0.03130531443712818
-0.03224029733528207  -0.03224029733528207
-0.03501325037720323  -0.03501325037720323
-0.03430035086233067  -0.03430035086233067
-0.03705748940224631  -0.03705748940224631
-0.034598933731888874  -0.034598933731888874
-0.036406374957646495  -0.036406374957646495
-0.03819383409760973  -0.03819383409760973
-0.03601054281097348  -0.03601054281097348
-0.035914925312352894  -0.035914925312352894
-0.036038576329468074  -0.036038576329468074
-0.033400969739482915  -0.033400969739482915
